18486.994220895187
18642.743980171388
18763.07305748008
18665.084552012413
18627.881517245893
18517.622412149605
18491.008901782083
18413.02356138149
18428.080119650916
18401.13644465964
18459.119016600376
18456.161079395846
18507.128750918026
18396.16513258177
18238.35644035153
18094.850620357367
18348.763617257853
18596.481725150068
18843.04043457071
18660.679606479287
18669.422044823194
18502.16735601582
18528.737048000687
18399.280123682674
18466.94603961579
18387.016882908905
18495.859425643295
18448.150680527284
18567.701629532352
18383.34212597719
18166.428681789188
17967.285600315892
18035.811434809555
18437.085118092524
19037.751206217687
18605.76654582574
18777.195694345763
18436.47243355292
18636.59501043693
18335.47701880715
18577.914682469505
18323.115390745166
18593.973793666148
18392.81388441145
18716.343990384143
18340.21138417709
18015.65021646285
17714.0098079902
17396.026894470673
17736.568700002837
18059.323695565112
18248.775737760723
18032.26337844233
18090.94563911632
17892.91484595622
17985.525752665693
17826.1013725487
17977.575252768853
17875.42781806019
18061.39403917418
17966.92015974014
18132.236189599203
17629.11285512875
17230.41222343026
16675.40086605381
16717.356192624553
16733.36728097154
16684.520067548405
16860.980675217455
17146.687662851607
17557.55695840956
17432.451616233237
17486.49730146461
17302.357689037704
17331.922937561103
17167.80411585001
17260.04553729965
17176.762764666175
17329.542247101723
17281.354748241298
17431.945654102696
17256.34570684041
16972.911610124203
16673.26374495097
16481.02327442134
16377.910477670326
16306.668030038876
16253.985571766656
16641.517461305
16725.548242013992
16796.482880505715
16583.88729448683
16563.176837108873
16576.063803242032
16751.885344376336
16868.79734681796
16723.03959801396
16720.951326520506
16551.86930650769
16571.204030424542
16474.467857816024
16584.828056371025
16565.635509574793
16711.126923458454
16672.395041182153
16776.233709696568
16516.82126696045
16354.750003766088
16406.52481596734
16351.960923584646
16274.498319234026
16209.967577720137
16535.12939674198
16690.40716289207
17013.229518224816
16546.316934244664
16522.537466804013
16248.876711527118
16310.130522411502
16175.145206536841
16169.132478691869
16015.733236734826
15994.034409500595
15874.058921612965
15920.841120067349
15881.488876379837
16000.8901214129
15999.631978391957
16129.641656028916
16102.327844639105
16226.12623940047
16171.045889454806
16493.28988219533
16352.328153067729
16218.986866960744
16127.52265173603
16292.243275395023
16309.756637534687
16385.717859908407
16348.289797120115
16019.9888535499
15916.009621540945
15707.114237100079
15664.02313608727
15509.191592142311
15476.996657274294
15348.726527000259
15351.158426169832
15281.260140898643
15347.410428448124
15336.492082676965
15450.79985414444
15463.721408281464
15615.059683559126
15653.281211322552
15896.250942017556
15989.446004534757
16289.465345799908
16062.650892357125
15986.460552061611
17120.076454922753
17052.3818989304
16881.333088840012
16500.331831591055
16209.515301188016
16068.90738769445
16147.20536400909
15816.41542131185
15649.080358669607
15350.157345372036
15234.316776460348
15036.699681432823
14972.71032979456
14832.01596734521
14807.841396394828
14714.846055943906
14740.010255027464
14700.546415646904
14781.412899287521
14791.67332183496
14926.690217898928
14984.304058251211
15198.547130512523
15327.066321946237
15642.872793445036
15722.81282950077
15743.877252019991
15864.999442088116
16136.367667824295
16370.032870643849
16484.252660912363
16537.830179433542
17193.46560840293
17182.605668246855
17099.45222529496
16624.646512562766
16234.574253160403
15839.904278006337
15653.011638152282
15471.541682530466
15108.154632511474
14905.73026999094
14636.227781732397
14511.861715733641
14323.463002242743
14262.134957696566
14141.686080733449
14136.298402372238
14068.516755266792
14115.63202427594
14105.210774832873
14218.084858389771
14273.39542915647
14465.176410502798
14596.061269540367
14899.756063542563
15113.190811672379
15482.612186589044
15600.04364130168
15863.642368948696
16282.651505255522
16498.101952809084
16568.21208034832
16595.180833820923
17227.924864556455
17307.481737345253
17481.414192824825
16768.370801235134
16406.490388379687
15775.211656279182
15455.747848868228
15008.376401913645
14714.310518077598
14351.06507155713
14137.053154311234
13869.986178157335
13733.653154699086
13552.929634833605
13501.17525361589
13400.175694557
13414.521806536537
13378.52270133289
13465.56765609157
13513.337348804103
13693.394640906425
13831.80110621387
14112.00241670209
14350.845637996565
14751.275741566742
15068.98831336203
15561.844087617737
15903.53984002799
16546.899960299204
16658.117106934984
16660.82783887166
16649.953890076962
17072.05149861228
17078.50203634345
17049.523555390286
16778.084250474483
16127.334613017349
15648.486852684056
15072.9209801041
14674.17213776213
14215.82591941699
13898.74580314569
13534.324312529045
13295.288855904182
13017.844272264214
12873.234033492747
12702.828692944906
12667.308783748313
12596.27067346051
12652.154630322422
12681.379868901067
12851.74124259841
12997.84040772465
13280.750909726947
13528.477359435261
13917.383276584855
14266.895776463314
14777.564041028718
15219.685147894263
15843.822604714187
16276.554333579656
16820.529705276036
16700.970337982046
16646.119317486315
16935.73857315362
16962.469888391213
17027.6194780463
16453.433592843554
15961.949456092656
15281.91683750803
14771.795500034463
14214.083457784727
13802.654282641639
13348.559304400964
13006.437784355921
12618.323746128608
12352.69018303117
12067.257795813954
11928.77275347235
11787.807376636316
11792.487778047991
11784.643646630246
11929.039907343415
12073.346221903705
12363.174821317745
12632.579623639907
13023.544602300644
13379.141899432314
13870.18081669289
14330.279951043725
14960.782026517427
15499.528635864663
16161.978846044804
16447.93894654079
16492.19084742336
16497.94638856736
16726.464709694585
16703.04819143235
16632.68503215526
16303.038737100964
15595.968747747867
15000.603723798124
14327.439109957297
13824.955945523956
13289.171706946547
12866.630843732113
12389.545635980188
12005.099013224693
11586.609015385731
11303.983359452379
11027.474362066203
10928.05017186575
10849.350080797216
10941.385655931726
11055.657806716457
11342.622904184018
11632.649483348558
12049.805603165098
12426.638881189865
12909.031982535336
13360.510009901403
13958.001560729848
14535.691779175535
15276.428140997763
15827.774447435502
16405.415134576822
16370.242362749852
16359.495180647764
16539.665560255373
16540.680096634216
16564.20442703392
15952.895846789273
15353.976654426328
14563.874172339942
13953.063078086663
13333.43080207497
12839.85337492182
12300.046066988416
11835.144140581575
11307.820007279508
10878.938707656445
10437.651684312326
10156.240166263698
9924.782740249935
9911.796267582418
9960.336915876374
10215.70514160071
10510.28134311351
10955.370855080062
11378.93871611578
11889.32650394311
12349.920081199125
12916.559233990305
13462.143424821359
14191.748133031468
14873.974475687695
15648.165867372356
16021.501733200885
16108.20454633072
16142.185052513205
16269.808812356472
16229.00149418087
16133.191960796226
15745.1691178596
14945.048517433599
14236.448906956553
13490.62067203517
12920.340847064113
12316.877696858926
11795.708672924502
11202.887332834616
10668.920609522924
10089.377562258689
9624.444889601731
9174.63982409272
8944.074533360772
8838.684992847517
9006.777492982736
9273.684669488326
9730.590831366113
10194.080181453795
10762.700632943766
11276.030081276536
11857.52648360641
12397.870019582522
13059.644068435891
13731.842389031413
14596.284769546297
15267.66610252426
15903.816960271057
15910.146203933915
15926.603099164464
16004.731869637799
15985.330981663037
15975.579799393425
15349.644355889635
14683.325532386802
13822.745392549841
13138.641571207243
12452.07108551135
11866.449126238604
11225.904458700265
10628.807884445154
9953.88233942333
9355.194377775648
8733.59304524984
8254.639620924294
7872.450935807482
7819.009910396776
7969.181525267938
8398.64293915256
8881.54105333115
9493.451520380055
10078.932484018336
10726.183739988115
11309.02444800997
11968.898694209089
12603.57249406151
13408.831032947883
14188.494701223663
15029.167092756301
15455.867476797102
15574.16245425387
15632.162103292505
15675.372899751997
15619.061461935127
15506.347152903461
15103.594254977248
14302.140757380694
13548.639735351737
12744.154933912761
12078.814096522046
11370.973321315692
10722.376392535532
9993.219300686445
9300.131752107955
8559.750614843982
7916.9731088646695
7288.826787940156
6894.652370748237
6749.775026607319
7021.3301090049645
7473.756459693333
8102.36976497017
8737.10049044311
9461.879331472099
10128.934765799635
10840.549450208073
11505.93453087862
12268.750097211483
13025.757256319006
13932.9246548659
14639.756143923074
15264.547341314059
15311.433023893274
15353.741285921627
15384.732665354248
15347.322491212479
15307.036178497056
14728.581285101262
14072.459240899512
13215.307850396723
12459.889784958774
11663.839967091542
10947.281477167586
10171.504986219697
9424.028660900432
8605.200986549135
7846.872931319603
7073.8261371910485
6439.907225901163
5920.809400015942
5804.4352210759325
6059.322681507159
6633.970970760214
7279.855405686671
8049.05149159447
8800.25942730851
9598.793836259963
10334.61211373786
11133.133460959309
11897.629225607947
12777.823401960883
13586.128738307532
14401.067304883929
14833.817922285725
14968.363629403391
15042.758170485919
15082.321556227984
15019.9233749304
14906.904172351691
14521.471447089967
13755.974367612016
12987.782780919484
12110.169614585933
11321.63726992966
10477.204913332787
9684.58550587148
8817.809787990363
7988.058837993389
7118.244969949448
6339.258100090844
5600.825409122101
5086.254192769235
4874.123390641547
5215.202805227273
5780.974095055778
6541.103076030839
7329.4710954816055
8202.422715724579
9026.26605699483
9892.235597451843
10708.617026230664
11606.917598674767
12456.601791546316
13379.854215350233
14081.238521829997
14671.641633318386
14736.93798249248
14789.528830788007
14830.413440110391
14786.896225809382
14744.870130668027
14197.984636908426
13542.458316173614
12661.178493536127
11826.772160580327
10917.75904069945
10070.419327245621
9157.204765082884
8278.163739700318
7345.570205344316
6477.032701442542
5609.248517770313
4874.659507218671
4264.1743868673475
4058.8336282247556
4373.265183009071
5030.50578855365
5794.3296627149175
6680.442751235039
7564.269292794228
8508.715240055246
9398.88240871691
10343.569827624357
11233.384202659021
12204.310121192068
13065.334487533488
13879.038398103718
14312.512523280895
14445.888705757436
14522.974396369178
14550.503023785
14463.706966273347
14325.41006822554
13969.718432614021
13164.470806878273
12377.90622962818
11441.731955673831
10575.931948346979
9621.846377160395
8705.408548334424
7725.728192029083
6799.675177397965
5850.007015403571
4987.814862582671
4171.496061460871
3556.6779206869146
3265.6045519044046
3639.7139206679585
4295.3618321018985
5137.269132804221
6019.837064949461
6996.905141872509
7956.397006138255
8966.571160206226
9909.657340016474
10897.16276889789
11808.08527043504
12811.187982898284
13527.481601633599
14161.259730832062
14239.987508532096
14305.385416190884
14309.767757098614
14187.033719238621
13971.451023931813
13480.344033437334
12670.572654174925
11815.695112416499
11053.474915221765
10164.334809768408
9259.2651536755
8251.168110873468
7293.747771388817
6306.40368893824
5373.080110911882
4428.050053811141
3597.5046069400896
2897.3978017466347
2593.8117838063467
2949.086846697301
3670.013259009024
4506.067285403921
5464.607509288695
6430.1715891354315
7481.388771130718
8493.980887410191
9526.223268207334
10395.906862269583
11261.651286164359
12265.51177183382
13105.428109393511
13728.290606099661
13950.832290588345
14069.948231098278
14120.231123123836
13945.151957210821
13613.35251691027
12948.07021137332
11999.147992541466
11180.752174017389
10560.383859065345
9846.497243973123
8894.217956675866
7944.572064245146
6940.175515678803
6005.105108977348
5024.384951248819
4083.7394045595333
3139.220003547213
2365.9607304654833
1958.8521844094457
2376.099781839895
3131.4310598883185
4071.5517529122444
5020.097744013462
6039.692569089758
7049.46092168046
8141.452856787787
9106.696208120264
10002.308587452753
10661.201257893721
11585.425630059806
12598.248831156827
13344.610085043947
13695.925674658292
13875.696826956308
11165.124031195392
10606.686809050077
10207.304179289948
9495.11728636359
8662.627140042587
7690.046310109837
6781.970637105782
5835.456474911895
4915.041751906751
3920.0677305363306
2939.0940755362103
1971.9264014490684
1462.2553256876595
1939.880735482179
2881.2828591976277
3839.324266170855
4830.134196116109
5773.454557456681
6800.343516280557
7805.414107989271
8792.918198098505
9510.70131686939
10017.44836880134
10677.23207831231
10463.217928123224
10086.108354910364
9742.577540095164
9227.205528469764
8382.297823634672
7564.900674106574
6693.162245040631
5876.04591659369
4965.9579745490955
4036.765665502324
3006.1853543322673
2062.3682814503813
1547.9567277748883
2066.2811139444916
2955.1876907413657
3920.533667243951
4813.1776889687735
5717.215756485263
6582.2555558413005
7593.257176466094
8436.584235610499
9174.837111325107
9522.348614771017
9938.902173588252
10015.927929011845
9733.384653743213
9388.151609279212
8835.5051724972
8070.520418485101
7324.071278719188
6711.743411518141
5995.792680441377
5237.272144203969
4358.176276115853
3472.655738213896
2751.541612897375
2528.4792859383465
2780.4587938755503
3443.0329957743197
4212.318017316592
5019.062310815844
5697.605907991372
6375.069696694504
7249.205685598296
8069.21074095003
8752.195252270214
9130.047348820626
9441.985828540477
9742.658167631025
9477.605893478662
9086.536169439873
8484.862949299095
7752.968229121889
7146.059089767887
6719.717048785094
6231.863538873031
5565.722450794934
4881.358161166079
4179.058613527253
3751.0078357503803
3548.4110521782227
3750.9967189973436
4129.447799256915
4715.422486102153
5296.659037491314
5865.142121012392
6287.793096827898
6958.466628737756
7741.0563800593645
8420.786542794307
8847.397315988723
9139.476920697083
7376.126318058151
7012.11572464062
6788.4552705502365
6395.801501821159
5914.863138194903
5363.835723726613
4923.243903595694
4593.461464074367
4484.276554936837
4558.153165942364
4822.020679369277
5169.312522085944
5600.871525766456
5939.165972245775
6193.36763020855
6594.618063702321
7071.347270259503
6861.93702680055
6704.334983292966
6470.583432812354
6068.416428818794
5707.373550563539
5349.9933965816135
5157.305066094659
5022.4506965583205
5099.933004635772
5222.455131913655
5487.323497513865
5739.386873246463
5990.24010873807
6117.995856158329
6326.662766024529
6900.378206399923
6762.261573793032
6616.088964442435
6393.148670962956
6068.162916215878
5756.816075861833
5480.582018209516
5309.363955854808
5207.149099084956
5246.461848587149
5346.7903250690515
5536.850805654073
5735.567129169311
5924.701154915408
6038.233468187536
6165.655686348925
6803.5366333205775
6692.941432514231
6548.44490488125
6336.864219874946
6055.694772263966
5782.006411008737
5552.848705831655
5400.7040440787405
5314.775944233441
5334.649434290027
5417.2502208443275
5563.342960264014
5725.427815710141
5880.749067711855
5985.642953448869
6080.142699318051
21445.910761162777
21715.76848047343
21690.428996326944
19648.46447081953
20326.741882512782
19318.912422667338
20584.154722295378
19557.390589934545
20631.27397406055
19391.05564221701
20099.745976565435
19211.025897974923
20387.111064764962
19138.57036044531
18947.328176360992
18872.890981326913
21249.71189025015
21736.82796029199
22041.295338463864
19365.707128256952
20536.529182290626
19056.600094844915
20905.889093787642
19287.14352471511
20948.49050626412
19143.066210898247
20296.06181708739
18969.28617530096
20674.19156266856
18934.000705292023
18866.751960748166
18819.323336320107
20741.266345208216
21552.049731092276
22544.158974618815
18907.829336132174
20895.38576991609
18639.49076778137
21449.42540126491
18815.830362585148
21466.115815155204
18713.375557363506
20622.030576700665
18575.8584693526
21126.888323438612
18620.667643164998
18821.695145858885
18770.295456964934
18449.648878561886
18582.659490335092
18319.457001978823
19741.421753622944
18130.956907912812
19334.75355285841
18194.0004379149
19835.74224167704
18167.200423947274
19676.027871949653
17979.584078279644
19306.485899588963
18152.09888212878
20206.736130573463
19444.088064959033
18646.815341919588
18891.67390209097
18916.88373473713
18685.948823916326
17394.959037680903
17777.773044302194
18231.072304445028
18947.18883486245
17445.91627906851
18308.267972162237
17262.44707927272
18521.320193062875
17312.55589179917
18503.335980244254
17277.837805731637
18131.310383100154
17242.38342697058
18400.55366937185
17335.982928430276
17516.307239756683
17174.103736921337
17471.611380266426
16964.163099745096
16848.611834090734
16818.50320537659
18869.09936388611
19058.21516757111
19100.15735095316
17098.030450977214
17396.929679823694
16606.48376945926
16670.87208366516
17508.55749859901
16579.847691279047
17232.996451941865
16486.539515816014
17351.02264281431
16427.604837065915
17326.489221082196
16430.262926555642
17250.92223945505
16590.76711486702
17710.444057414174
17348.82265558426
16677.00264913416
17716.415165459548
16818.786114227933
16784.034678930497
16790.988299035227
18553.547623631155
19042.472601174286
19732.860264859723
16718.4433598225
17780.55893639994
16151.532996758067
16863.849886094846
15998.233357471094
16503.451385332424
15794.522001066292
16266.347704196485
15647.137249760171
16191.681766937681
15659.950569451235
16302.243869636477
15804.854621346432
16552.369598676247
16007.010460850766
17122.860592572884
16206.350002458046
18182.964703570055
16545.45078138973
16746.543138394576
16803.66797123772
17019.085859477
16861.21754182469
16551.966955123262
17429.792246570956
15990.969886302317
16480.168698978447
15523.233357897392
15936.089513560002
15265.552986919867
15655.211980564713
15080.786859368649
15491.864799791381
15013.920542630432
15500.529900263085
15089.539013939222
15671.756420268846
15257.302414081412
15995.230622389652
15558.247493313911
16681.9432465515
16078.386490476993
17914.542883902523
17390.07176649183
16998.114201172368
19229.185114657605
19105.695857218754
18769.88900609066
17212.91837352295
16957.714824228497
16851.453249434213
17295.719653818745
15781.530038685856
16196.836334006146
15179.494192292004
15488.67657786298
14793.201266510287
15116.13841764898
14562.2282513186
14897.783317374513
14433.209254949059
14824.39347123826
14426.870617513043
14904.571640324531
14543.867932821615
15121.789369206243
14781.4183150879
15600.372476699995
15227.77422749093
16388.276920865592
15746.27438492279
16066.522354430772
16252.668976203431
17094.048246029644
16994.82343395337
16980.215826541727
16992.477453169802
19396.57708651326
19423.897190628162
19302.395013888996
17140.185031352925
16984.763292038897
15807.000164321795
15542.206738750065
15978.617060316366
14936.703275865519
15182.113896729405
14399.794822924705
14651.129848849145
14062.819344249288
14356.570777336367
13869.72958190996
14207.774949001625
13796.620653160295
14194.56550963121
13847.423946116443
14339.44256225468
14034.997168037162
14658.922712620506
14402.876082720408
15280.959271176818
15009.240541285251
16252.52909654912
16243.687333303402
16171.433387767955
17508.282836645223
16952.5863286322
16963.377184268902
17007.804423690934
19344.55780365315
19620.928642076986
20011.919822873053
16879.710340534424
17437.062003060666
15648.2045377201
15887.34323789567
14821.995976554523
14934.289208894714
14117.230648635643
14275.992551849948
13620.336386563633
13841.843740353355
13302.868024986266
13620.610376913291
13159.627181862426
13523.052181856918
13137.59930512987
13575.538204614428
13275.309362858901
13818.024180123826
13602.565732424715
14283.682948413089
14149.94395600783
15054.793904041226
14949.644756888432
16243.604069993613
15888.116355416048
18018.192695154747
16762.248357846096
16972.44610140379
17105.78095428514
17697.79487187985
17496.98779299818
17166.337453233293
17781.36897101858
16066.864616994662
16082.603996457938
14884.655232875639
14867.887045640546
13981.715648872798
14008.096504362487
13291.014938942255
13390.99124581808
12778.952590039908
12974.503552311779
12479.560545090897
12791.828984372996
12374.162972148397
12767.420570944005
12456.643722275798
12961.695150454345
12766.982699530634
13391.31798128884
13299.692180368627
14062.315920507577
14062.239303831579
15062.291521389418
15097.110830658505
16480.818248357653
16330.086588833261
18389.058113941854
18074.693542092606
17873.425738015514
17971.44784344332
18097.836279727933
18319.593918011247
16428.02155932245
16455.480037498408
15106.932732737756
14962.961985999214
13978.841061296343
13886.792584010072
13105.299099629603
13089.870473193278
12389.66145847336
12452.415226094576
11857.149782521985
12056.365945451462
11593.424670512508
11916.281589425862
11588.680683968063
12044.327953165108
11866.177071743712
12457.04204049886
12409.912437838468
13099.871661540314
13149.198732642119
13994.145596995704
14127.99012598636
15266.485262141025
15392.618576105417
16889.343414417737
16458.209832051227
16735.65866201503
16904.656378235224
17108.257003783645
16922.418863114985
16629.625446541726
16989.98960361361
15476.721277290526
15268.16169029329
14101.58762305467
13903.743321032014
13043.688425776945
12913.143337876056
12164.851598054818
12088.193112242607
11387.575107350181
11423.030371235913
10861.468644141944
11084.953151412334
10692.607303095696
11088.950776974718
10882.505941252171
11456.954289791067
11433.904378526217
12128.627757424685
12200.957081667557
12967.337572291319
13130.701554405276
14098.412155928614
14366.447664310355
15698.296199593504
15792.66304665039
17504.121776124153
17341.16521325097
17249.02604132499
17612.099032940605
17762.34673230587
18029.097794667952
16022.133651229418
15974.917575852658
14433.319958076458
14050.877797802297
13086.798174450654
12859.153301605655
12065.919298985684
11899.561232773485
11114.858388643424
10983.149550356911
10283.218090010723
10341.82359003778
9812.26610503281
10127.575351349657
9850.84341424717
10367.837690567912
10353.675937469196
11060.779237083525
11188.644303542162
11922.043043697897
12118.28306987832
12959.923922390852
13239.492739661948
14554.687495897359
14847.42586293127
16518.04124198009
16116.902786094803
16408.477594004202
16580.936699232152
16730.33916964348
16546.539167874012
16239.87816169306
16626.165405917876
14922.27084083531
14585.91498076218
13259.47157577366
12944.480214656658
12079.333796757184
11812.441017254934
11010.110888800644
10756.421061774516
9938.786062255027
9769.379091518234
9081.846228768782
9166.803722848372
8767.970280917109
9228.771561524565
9163.458425919953
9862.23606372747
10038.337341210387
10843.14387856864
11069.012642702262
11873.09546369308
12166.895231819368
13132.58730327054
13605.059048235276
15162.197954367033
15336.05740985492
17238.601037106764
17021.222092390493
16898.12808718025
16943.839845479215
17064.59192738844
17277.09522595792
15413.259722916417
15221.033143954703
13688.567346848311
13192.976238289744
12217.288229935997
11865.988835184586
11018.123638505109
10695.114097469364
9803.703524578388
9476.945193614663
8637.729161446356
8465.631446035874
7826.698278985869
8061.554576178754
7919.6928677995775
8558.229752076242
8767.041060242556
9588.493587463574
9916.625944710455
10745.694849380923
11094.092186803895
11978.404989164554
12378.752090508508
13679.346341225506
14137.00506587774
15733.532905156979
15493.653859146112
15775.571144710631
15946.484137148218
15938.041946693245
15784.499443131179
15529.580342882766
15769.366630615112
14232.448235652217
13794.356912020332
12518.685163144242
12082.64961100344
11155.987912034598
10736.985537767108
9834.925502335775
9393.965931852985
8455.70727783067
8075.904292249431
7245.746692409672
7122.0174877352965
6731.6593781309975
7243.268506865664
7411.759862661837
8231.674326391485
8617.3102064713
9530.408222484162
9948.83405185569
10842.74383531865
11286.056011027564
12294.260932766227
12861.082283270729
14306.91819354337
14609.164278139628
16202.097802907934
16040.996016791949
15958.66213363132
15840.48442091507
15878.415295144398
15960.532686486387
14623.120349614972
14276.785931725157
13020.214075050415
12490.238740978208
11451.658039236896
10949.197722087656
9995.428184420527
9475.503222063357
8485.647291983783
7962.106053029069
7015.36146751495
6611.655558433405
5907.647506134096
6009.2569988101195
6041.214543982559
6792.872975512563
7209.36926266787
8141.618930133168
8668.996797644575
9621.770541725968
10143.97524924168
11128.783434474411
11678.431718867005
12840.241844859398
13399.529583627169
14672.835410093494
14674.803793829307
14899.514869333352
15047.283004400755
15123.913343077855
14993.025081637932
14784.649194301026
14831.725937223675
13592.643645449134
13069.706706847219
11905.343739321977
11327.716826977476
10292.910967794747
9707.588630619664
8687.740139918911
8070.168232433677
7050.013734065184
6484.45822911912
5590.743454653623
5281.203912881905
4895.002728691498
5407.066400262919
5760.003523752022
6670.851249618513
7245.060727054442
8266.467764436871
8877.251207768762
9895.117786401604
10507.299006807001
11609.579217187627
12241.842373583113
13486.195731640068
13913.341046146887
15114.90498894442
15060.260454494912
15042.538099947691
15182.024205037527
15233.426441099471
15332.736157971674
14094.707705482115
13714.848542110283
12483.488646266558
11854.426831627989
10732.951901257791
10079.51555280685
9015.460741774545
8329.885114386514
7262.617685246429
6586.882432911639
5589.536000320791
5042.320143743857
4297.605886950169
4260.798111355274
4401.711747090135
5183.840676579491
5760.852687821221
6767.987570741641
7463.9442903891495
8533.451571807942
9233.443158028456
10332.126101405001
11026.741770751854
12229.613758816819
12869.172302632764
14076.098280432281
14127.31467087257
14333.26999472547
14466.340416991878
14482.1266111154
14358.602396048644
14185.135002388211
14390.822321776373
13024.431389193409
12511.729706565187
11271.567454198559
10599.603467636864
9477.309588446748
8741.368848655666
7631.686545290904
6879.857116085901
5818.4694349708925
5124.147268662077
4198.848916898515
3742.9280672431764
3327.0515477238328
3822.098945067976
4311.9326344751125
5258.829370406125
5971.175470507966
7058.225490815916
7842.669474509942
8976.818871814206
9737.20906881099
10894.391067261382
11597.001791296017
12948.61613083338
13348.878823510955
14719.851879161388
14674.07411406932
14654.131194818652
14322.54950358213
14251.425089002887
14172.732023350267
14057.890077188396
12901.568011248057
11962.640934434552
11130.743623075054
10037.75647483091
9310.082894265004
8153.018623030965
7346.331953462945
6258.615841032153
5475.857900890928
4443.93271538104
3750.8536526725215
2965.085339725701
2780.2780141172016
3009.985790656721
3817.2666104185278
4511.748012726402
5555.88446650056
6365.3416420580215
7529.760080718574
8376.72024303564
9547.426501784372
10177.99304785371
11098.328311123316
12554.813158256573
13322.774785087398
14392.32312606334
14504.95603252118
14549.645202514372
14223.69616575591
14147.622547792544
14028.899793997327
13526.007346754126
12127.972436903096
10992.43534215465
10409.799227904992
9937.777688045917
8813.425462490495
8014.875049946143
6881.015796589712
6093.242006701302
5027.050662526997
4225.877820289679
3204.7679182834668
2554.404959422163
2033.3293607085482
2559.0660740182143
3192.1484269279185
4205.75072489896
5011.501463607338
6113.570107310705
6978.780492100546
8193.133013096025
8985.246687132962
10031.446673932238
10455.99272529891
11743.716044548257
13003.15610832472
14063.917980951985
14293.954579374007
14403.990353085957
11062.370777933325
10503.24214331724
10362.807022172496
9434.227036841663
8759.049383473008
7638.202165060271
6854.7347957326365
5821.82213938166
5032.948687855683
3970.471440637962
3105.876887636616
2013.947759266389
1640.6876779078166
1974.0628159053394
3039.4675572889378
3877.3079123749626
4932.405440382341
5742.030181932985
6862.36814051376
7730.749779040269
8829.150215461852
9319.95908458768
9659.272278977685
10428.638715398956
10153.286735785712
9844.032606898754
9616.337265679425
9383.150807401695
8333.430226184331
7657.467103844792
6663.8784033571055
5972.47407979311
4997.558796112852
4183.275265639737
3061.46297267824
2212.286854631942
1501.6527635754353
2198.6542180851425
2994.9143442214963
4040.6716574440143
4822.3829773846055
5777.527001337488
6513.532676366734
7643.185647154331
8316.179496132445
9264.121598994347
9379.32360370994
9663.379336977909
9869.635415843388
9700.427461651441
9539.645439693155
9183.813016119626
8259.624887210359
7407.809322790039
6770.65881303669
6013.748856109597
5357.702340351477
4440.7116507064875
3646.677686879247
2790.4243254652606
2630.0382324408993
2804.1284456308326
3555.2162583840177
4249.290824824588
5093.742996326814
5634.238121474265
6283.050483612173
7420.681404550608
8253.393188596143
9048.998347495492
9217.580965105906
9383.414384875025
9734.568440579347
9596.94813666283
9404.470826743753
8890.852489088174
7894.618913948078
7075.0200507567215
6692.160425785717
6332.503719276298
5629.334044529773
5034.175021143452
4310.931984311388
3885.114824805575
3623.6696713630677
3855.209821026026
4170.796324789086
4795.075695352288
5301.5150287003335
5864.099868914014
6167.178931856162
7083.163178895352
8061.912436851285
8836.847009481899
9081.220677459949
9232.948092707995
7358.932883297015
6949.8932635972615
6839.657377594872
6443.389264953087
6013.752965336316
5457.193184096645
5060.4912452690505
4687.048240144081
4560.096935451882
4619.266887625483
4856.774516841131
5186.290044567777
5599.545481530275
5861.023497912987
6029.0335703219625
6513.1131490591615
6940.472032299101
6755.39405467007
6653.753677267428
6508.043181797427
6095.721609397848
5761.831815876695
5403.3943726992065
5169.635870284823
5019.25169486845
5063.511147366029
5178.0984596516555
5421.603654153542
5670.875898078688
5848.73727076536
5923.0523528290205
6112.785291039428
6835.503378258405
6724.249750168085
6655.789971174214
6505.245175567669
6163.616075764934
5837.353891616015
5523.292669438672
5287.168080314442
5154.089405979526
5178.496774232213
5286.20932156751
5491.900183470138
5717.741552389356
5851.983052388701
5900.2676514175555
6008.743143408894
6784.562716435763
6707.790565061303
6648.476949193874
6501.336836927249
6199.069291584961
5896.86149175848
5604.499884732248
5381.991828369341
5250.791468358576
5269.429082081185
5361.554857243389
5546.362605066092
5739.032733972168
5853.007041716832
5890.6926145223015
5961.275405263259
