9925.09441700091
10039.84652511403
10128.390987596576
10056.991867010214
10030.287690446186
9951.20142563608
9935.992887700932
9887.529212080974
9911.181594392368
9907.127686589969
9966.075270216166
9978.579444410469
10029.512247069097
9959.553624281134
9853.109536088783
9755.401911413686
9823.408570612146
10005.82335294731
10187.145236204855
10053.433111251996
10060.928426036746
9940.024794417603
9963.997198917004
9877.918070092168
9940.41844023551
9897.772324255886
9994.441478754059
9974.451484245501
10076.454198128144
9953.62361118319
9804.83571797541
9668.934751325309
9593.611404394074
9888.56085935184
10330.293501420774
10012.813740057114
10140.293091240326
9891.996319486963
10043.764414016388
9831.769897440148
10022.805988177375
9852.102807792806
10067.99203477351
9936.166266478289
10188.760879429483
9927.074468700732
9701.921219639484
9496.852904483847
9124.597075597778
9373.998984400316
9610.935127603005
9750.27820962598
9593.047507857951
9638.554901254087
9498.224100313759
9575.85874106195
9472.07835319744
9599.610057391938
9542.639619674712
9696.4676820467
9645.259783077763
9784.138022453237
9434.423867114256
9169.825488419436
8662.418641397264
8679.701768802573
8674.435439128689
8619.28192552139
8735.666725087958
8941.788209683087
9242.491606529145
9151.05735165433
9192.206631613677
9060.355003999357
9087.417095478944
8977.326405637687
9057.631223526007
9012.920994355125
9143.779958986563
9128.717624287407
9261.166724056988
9156.691463014458
8977.281566402235
8803.258710423568
8729.485372834934
8719.30993503207
8714.406664818509
8709.647341750966
8654.725010012584
8699.490438031018
8734.586149796773
8557.89245215274
8524.94083919926
8525.22847993872
8652.34971044727
8737.491617145008
8632.070403586136
8634.147650063127
8515.78194505765
8540.166113331159
8481.06557827251
8578.672823487508
8585.193091619103
8715.236746453364
8714.763021858156
8822.00735459784
8671.872090786117
8610.376320138908
8715.359032801181
8735.718796967863
8722.424400967033
8712.50227807341
8612.471236156385
8696.023982029981
8911.230743562723
8544.669330225994
8505.235537399003
8290.037609704916
8329.939803879939
8230.035094120494
8225.922605570013
8116.884511567577
8106.516884152489
8027.953956309716
8073.6153502345205
8062.512833743308
8172.418120556734
8199.548068109125
8328.930601854243
8348.947064193655
8490.528713193937
8512.939579572929
8818.362982187597
8776.304763798953
8726.514767569246
8712.86390341652
8510.240972085656
8461.612364590343
8481.109815692427
8420.501053475858
8150.5403101972
8054.48203289154
7891.422327532153
7857.432011782374
7743.940451890056
7722.450849625766
7633.7049736301
7643.626094811297
7604.925973476447
7671.639084554341
7689.20044557518
7805.987021029411
7856.109696159839
8015.914845602527
8103.250420779117
8353.924508799228
8499.608299958609
8791.003169959275
8687.6427129738
8717.417355892407
9625.168095646928
9537.015102446796
9343.982383527664
8940.114100056915
8573.351566421516
8359.882948235994
8355.403187395857
8063.0864133323885
7901.684939892888
7655.112409821071
7554.821991595245
7403.6045748109655
7355.506277818652
7253.12663434312
7239.395300701615
7179.34543525995
7210.534833300489
7201.991012901454
7290.1787723704865
7337.011643080046
7484.76232664732
7585.562123343723
7813.823905523691
7991.105378726965
8311.90153659593
8454.690554141023
8559.588716970584
8778.73492939545
9143.581041343285
9440.642496029996
9591.081229430536
9667.946891196494
9721.737720129295
9683.41955975284
9574.668696940756
9129.042462620995
8710.505802190597
8288.54756851823
8058.3975453852145
7859.962450756233
7540.974203767005
7357.216757324169
7136.221663711162
7032.764653825159
6890.062085681327
6843.751038125422
6758.0356718908915
6760.805563932782
6725.300689678644
6782.470670871982
6808.712923860222
6938.73104117602
7038.489501346679
7250.464509524903
7431.332046783776
7748.948072214636
8003.425320329294
8375.882105742476
8578.023117088862
8912.182567577003
9353.789328007453
9604.295655744436
9702.123883979395
9751.003953750049
9807.458006118852
9837.356906930947
9925.20096484674
9318.162338234988
8935.423298938354
8340.936564501675
7997.30902777943
7585.156733458381
7307.108818663341
6993.968562136638
6804.73355400882
6588.163926752958
6477.460117335131
6340.582751943023
6301.669762436646
6232.999390733966
6258.358890403398
6258.592448390928
6363.65265514178
6456.093589009681
6661.268700081043
6850.187569879304
7153.934449125676
7431.038265999833
7832.039668525835
8176.83991861175
8666.374638319074
9045.262905928683
9632.406316450917
9789.26087615995
9829.312281961684
9848.438744602136
9779.798577845333
9757.380932636688
9698.085136665455
9419.033881207453
8822.613890792762
8344.46657568321
7807.246958830825
7424.33249322107
7015.642848301018
6727.329134951862
6416.5487631399465
6210.619629274946
5986.833091123296
5870.229838525268
5739.9261777731435
5716.350476875058
5679.4305506286055
5752.645515058583
5824.907475754937
6021.893593603405
6219.652755562162
6530.572737777304
6820.033073773664
7215.126064673104
7581.067747568268
8071.297038725218
8515.986531819623
9100.270612493228
9525.393359969583
9997.618068678523
9943.56510421338
9927.818251497783
9797.349796986062
9790.977290038858
9802.837635675744
9295.811124014283
8816.275538704236
8186.93605317064
7700.175339429388
7194.811774591147
6814.561154274791
6414.9900097914815
6110.121852107451
5781.810286926012
5555.013508955465
5323.748476669454
5210.313756299816
5104.050686234874
5123.619453595494
5157.244912925671
5328.734991809249
5525.446435596319
5847.836806287229
6162.447149433149
6567.547486457553
6941.144026147238
7412.081424693327
7859.544640052945
8440.353323368365
8955.176348014409
9552.638120477923
9834.41708990499
9899.99922216294
9928.017593848374
9795.683036897439
9752.285471136449
9663.131502456761
9336.24090682396
8688.425956909332
8123.695887557271
7516.412146350121
7054.157684498577
6577.165473759002
6192.686193725622
5774.007945056148
5434.697504426346
5079.54021969471
4835.7362483157685
4608.503681164396
4525.598397735173
4483.183277617856
4602.184569079008
4771.069105675998
5095.28362786744
5435.56567779396
5872.858534486805
6272.509219985943
6741.202644986538
7178.837884810147
7724.670944726553
8258.29940465955
8925.893533194529
9442.671015374874
9946.65541759908
9952.933693432245
9967.83644010276
9858.835336034777
9836.508887612614
9820.185881561612
9276.441831675113
8705.5306877047
7985.753718153046
7428.275532460548
6880.867708261488
6437.297101896116
5961.70022718781
5542.268715253418
5078.5622431278425
4696.866965408193
4314.89935996608
4065.7170791133194
3873.0354407149557
3879.085016564602
3980.343808788006
4278.8985087883575
4630.0080332483085
5101.735083424424
5551.529398968
6053.874765422017
6504.213197280452
7024.156450429443
7524.928539072759
8172.6817709497345
8797.489177752175
9491.672489797662
9845.800940168487
9942.08186312103
9989.009717058698
9904.018732875422
9854.881739749455
9753.283063890922
9378.716055327577
8645.901693403128
7987.549833375068
7324.5789248881065
6819.709118109378
6298.863679377245
5843.19872921287
5329.543817295248
4854.825989976591
4340.865335694716
3914.860818983401
3510.6587607356732
3298.4704400243204
3229.8395767615625
3437.4427377182305
3766.494031836197
4257.8288172035145
4753.913117612653
5317.268497484556
5818.334988918368
6353.812392901529
6848.192158045944
7434.4118160187845
8038.15786546435
8811.630936999054
9432.414597088944
9989.760439160387
10022.15277571091
10052.126691931799
9981.152645477745
9955.993690488536
9927.867668119763
9373.483516372084
8746.254983428924
7965.522093705261
7354.671351121959
6767.832305683041
6274.9989251836005
5745.052554887403
5246.804639296549
4681.497304164786
4162.639563774195
3611.797435844276
3158.695499171037
2790.666423021404
2739.6756351309123
2933.3328760024697
3393.42264744931
3912.461724983717
4522.050813510388
5091.863854634776
5681.7146348846645
6206.263008881328
6781.851099619693
7340.106512127617
8048.850052728617
8756.994766320799
9514.964205562961
9912.289542238217
10024.791700618624
10081.189759125742
10006.051284582296
9961.87848901152
9866.211435019231
9496.431211316507
8771.856018447274
8087.699999985189
7387.454677898406
6833.4138512249165
6268.515708035558
5764.368796878108
5202.986875162796
4667.921205784512
4084.275211956111
3560.73816760883
3026.4215247950738
2638.617938270595
2443.118858123657
2690.359054949636
3139.968028443799
3750.110994145849
4352.2908449557235
4997.406627861099
5574.4231430868695
6171.953607684568
6732.200633740996
7378.533431433535
8043.562924770779
8851.323689500749
9496.775276862223
10040.476292418687
10089.578267045792
10126.138153332437
10031.980334030437
10012.123236540421
9985.451903724199
9498.293041104367
8915.267722802231
8169.45545729393
7533.348245629455
6901.909652892747
6366.1840841529975
5806.42551934651
5287.564749824149
4718.615911485833
4198.036545651522
3656.346575153522
3208.328550511785
2808.1756960005796
2614.456276713865
2703.1336551704376
3171.7206265938908
3725.0783996487557
4366.605553103369
4968.726495274128
5593.229541702745
6166.228601743496
6797.6214581656495
7419.14581522176
8164.4599544908815
8871.274261232109
9584.330860435955
9961.959814804457
10067.701236473804
10120.975188689945
10006.47359480744
9976.706851515737
9908.602949102698
9603.952080539837
8969.263734535349
8337.10842611745
7642.76815913177
7061.150935628004
6471.2300042207335
5956.566713045138
5410.768049030106
4914.591758979966
4395.680101676087
3952.37164796883
3527.2279695760544
3236.466625205289
3045.947758158403
3122.5885442747513
3430.9816722934775
3952.1932052936286
4494.524847240345
5098.5499650484835
5664.7001260923735
6277.582825105643
6869.6574842383825
7556.614184419474
8234.98602462461
9001.416834433201
9589.318098252927
10064.550619453035
10101.118568903234
10126.989346159558
9981.287913769513
9976.99144370707
9982.313389721194
9591.200052017883
9097.319253903323
8426.385758595154
7827.154529721321
7201.72324840398
6670.024571201326
6126.494388582614
5651.098528645243
5159.561853532586
4737.836353472302
4321.437276317828
4004.350906260478
3741.0865019133844
3641.828349633041
3686.590237747646
3949.9229183039592
4315.6203034912
4803.764315350741
5302.231782144392
5865.846596175224
6414.643863402989
7042.666623104924
7660.121676360737
8380.006632216358
9039.672578011163
9668.794746713704
9982.177678325323
10052.627123023638
10086.147288329748
9893.866928146854
9864.298245405244
9809.310543782507
9613.156199070925
9066.771216423544
8557.54906159756
7955.291450306613
7431.672221287632
6875.111501130715
6402.450141895789
5924.720014762637
5523.957993955032
5125.064591736662
4808.142406530701
4518.19760021708
4346.6148534009235
4255.112759113331
4331.78527280971
4507.562081048313
4824.343086982291
5187.077390098957
5647.034063748042
6116.198961262305
6672.082494630047
7217.575044320169
7842.628823398993
8418.437619483924
9118.587656674035
9597.94510617929
10021.258788270183
10031.895190083793
10046.189560440373
9801.616898222745
9751.468965510407
9655.756061639107
9409.973920471773
8961.030216225141
8510.94910330341
8145.367104529029
7650.78367846156
7194.017571215179
6704.615031538235
6310.491257982814
5921.313746934701
5609.17111777738
5309.483951162092
5098.718224268387
4934.1412898561075
4896.736474238358
4943.659010281462
5121.014508924705
5352.468032043458
5685.242432555041
6041.408481943194
6498.389954662913
6968.239076630676
7517.005375317588
7971.93057576078
8410.516068410463
8983.083276335326
9454.407697298162
9808.509955558367
9909.258894021123
9956.977195209523
9730.489425055317
9662.403285325914
9531.51539541616
9259.778049387549
8865.276524398523
8522.616802096332
8291.096047143019
7985.52595370732
7525.338673681268
7132.813834358193
6733.262345164322
6425.353763096371
6116.831359169862
5883.175325555281
5669.139522397256
5556.688981019699
5506.134636866802
5584.077183465368
5720.4601006890625
5956.904831773278
6213.725174447563
6560.175960281806
6925.08024020874
7406.186343551283
7841.339960215494
8282.769209546954
8518.970047536535
8922.343127908
9342.963845500393
9670.887414236362
9812.824210574889
9883.123903841259
8762.085322658959
8596.288894928963
8538.076556886095
8261.503672781222
7945.526909881944
7560.156936086882
7268.803084554033
6963.065996793045
6725.382314249195
6479.459672241767
6311.660211181308
6179.863559939012
6169.152798096098
6224.724544603843
6393.939119820243
6581.942510450747
6845.641779082581
7104.951150768352
7458.160100835067
7821.435803432507
8234.9566158728
8486.070497469555
8609.649082132324
8831.887891947847
8679.95874157254
8605.132591510257
8578.825585558538
8511.398524585953
8238.051533492548
8045.320804497765
7810.876180525457
7614.480314401228
7372.849215535298
7188.057562659063
6991.739387642655
6901.295039411828
6865.2203694296195
6963.37628786946
7102.164764154409
7317.355243907938
7507.575968367442
7747.702531024963
7928.411291158409
8257.265981748096
8479.813201255773
8705.923996442403
8707.234107107393
8789.48280415191
8640.31574939419
8607.2022578089
8595.739553261523
8570.806000697818
8481.040325835522
8436.906820414342
8433.653313213077
8277.864345728887
8137.4771958462115
7950.54733576991
7828.901478162674
7714.586670060655
7729.53203287634
7781.988867482141
7945.370894597818
8087.427460664769
8276.345743677934
8375.908427336459
8407.039742211533
8528.421829327304
8617.497441376569
8711.119672298148
8716.827352411101
8751.604266215925
8638.862413384933
8637.746614179485
8673.498084749172
8754.653161118438
8854.90462614357
8921.181608825116
8991.62861518584
8988.462682298776
8871.807880946206
8803.058971604729
8701.324175971922
8687.84646934458
8656.44223198024
8735.518933122812
8789.393068774982
8924.73666499516
9008.223390422283
9097.462744175311
9018.873095602023
8985.558103797668
8877.098872236298
8810.245961383864
8759.994470620011
8756.245991973961
9255.822322812708
9360.89417213959
9500.910372358396
9525.172352388097
9534.022879065962
9500.159296210737
9524.931045181678
9514.383104112783
9541.747657783882
9535.258526542148
9565.999260881588
9587.775571973963
9635.23304360787
9598.52464511218
9494.811523253926
9426.283857058414
9507.159462146368
9596.911191669678
9716.750656926302
9846.869138969989
9881.920981699643
9962.689731269684
9993.095416474804
10068.647836746642
10053.46659504146
10072.728100291126
10012.267652026532
10019.148631375821
9963.944776901082
9911.834152200632
9787.497281743903
9707.76559973172
9622.792808184333
9692.197141532146
9789.849760995949
9904.89694445282
9980.844678266287
10072.962006025233
10141.683790976063
10213.436771846615
10220.498276726235
10215.640083955397
10156.733551890782
10121.37509761155
10052.34437654466
9978.819763043024
9882.265375879628
9819.119845573568
9685.265285661328
9746.301647429222
9836.154297910694
9944.258937582132
10037.764319771455
10139.476737255287
10226.153402877126
10299.467187204706
10315.839305796084
10300.711797220569
10240.294222143648
10182.73191034484
10104.12190518207
10022.203042454625
9935.293742625308
9878.227995552526
12254.873139058183
12454.171591743116
12436.462420768145
10940.513102721998
11443.286016863678
10709.792085899613
11647.369532612269
10907.34880766608
11712.47403660549
10822.708183642102
11360.822247439522
10726.209109386218
11602.143307254722
10701.175174222473
10565.22468482179
10514.848113815893
12109.9455047348
12469.328984814088
12693.761567448557
10732.663819569463
11597.139845978545
10517.348258332806
11883.802018696646
10709.392098933564
11945.476017845114
10640.960234217373
11504.76925224311
10549.829363880182
11813.24514302911
10553.468205899102
10507.801861964404
10478.859963206389
11734.958655390281
12333.022858903216
13062.69561979176
10396.353235641107
11860.550575838706
10211.377583462447
12283.194739059605
10363.894568835593
12325.510858526508
10325.873062673312
11743.776305440673
10262.494632847993
12145.577230194012
10326.4301750561
10477.149651283627
10449.307597929846
10044.382894891298
10148.389862264934
9957.739871868358
11002.211279649906
9830.043161956244
10717.55880064111
9893.234768126693
11108.17598836413
9905.68756123511
11028.512795147224
9809.553257501178
10797.98450947897
9974.928272485555
11491.924812753601
10943.49363835855
10387.704572326085
10357.97950797469
10377.132163767536
10204.319652708906
9256.368175710573
9540.796256507836
9882.59329928073
10409.303115732857
9318.719062719862
9954.567505734354
9199.64999602894
10128.436264383421
9262.491677691592
10147.575310939608
9274.838338394668
9918.946296980395
9293.67940882056
10161.730744379498
9410.083694500416
9559.579762853245
9367.722494306761
9674.975488290851
9378.667252159012
9321.360490039055
9316.850761843196
10343.06976248709
10484.023363405997
10511.851011564439
9043.027410660727
9257.33247088612
8686.64874674628
8741.267038264261
9358.860025930662
8689.003006541056
9174.557878908618
8641.857277647725
9287.166883137716
8631.114737105747
9306.544690575965
8677.944755371615
9302.35052238617
8851.144557603355
9698.36018194025
9474.913808695112
9059.271430166613
9892.402540802546
9296.043673105965
9289.927121435494
9314.270231324797
10118.508890741465
10477.181689381267
10978.290806647658
8768.520311443373
9537.870155113957
8349.967996334497
8875.70453077716
8252.657373216098
8628.690311376116
8122.40425285074
8477.92062376152
8042.154983778345
8454.803705646404
8089.157083221557
8583.53913499143
8252.269834190854
8833.842865452494
8477.635990403016
9343.816252151522
8740.658429675581
10250.520878555948
9114.186195218645
9281.422584962253
9357.675793330718
9057.014106958388
8904.870013771382
8673.896225571685
9299.131239720591
8238.371135232892
8590.247416377062
7894.220234924961
8203.54638667304
7723.960992822162
8017.927724629897
7611.907988465613
7925.699789975533
7594.9705747572525
7971.855186995988
7701.727060032099
8162.63935620191
7903.183060667187
8492.01546257306
8234.179917425772
9127.60133684272
8765.208030542619
10169.503905543752
9817.107862607392
9614.908805507122
11201.010058258955
11093.121561949276
10816.465458476161
9553.310274256775
9167.878461581235
8955.529850816218
9253.708897596156
8119.766415589367
8402.893204341502
7648.618127507015
7872.481301461806
7370.005905780114
7615.717676263329
7221.799453088498
7478.456357752384
7154.666589240059
7457.918278768355
7192.50035658204
7573.939079788618
7352.779731219335
7825.746788996555
7636.825651969595
8307.446148035357
8119.471819277487
9054.453729563225
8665.584499915358
8963.46380636209
9268.16932552899
10091.78853434556
10142.980314981656
10162.10832335648
10187.563346568839
11347.236426943675
11354.781356041383
11248.68773115706
9585.879953818403
9331.96189760017
8304.248073834187
8030.061677329291
8306.36526011443
7511.397829349241
7674.004317201363
7091.9856879933695
7277.598620184883
6854.552798141425
7078.271358360959
6733.806410912631
6995.014750031892
6714.336687241975
7032.225571714203
6815.894581898511
7225.663386658997
7063.371607506284
7592.455079396327
7489.936552600626
8227.813387178296
8125.384249636422
9130.077732356369
9248.591655007065
9371.45783233254
10482.164046077849
10153.226531205924
10177.165175331154
10221.014209144403
11338.608220054324
11524.969614378553
11792.765602820435
9426.844712852451
9719.461382996229
8283.70366551563
8362.980578174142
7520.28436025951
7561.785486604894
6934.138529911144
7034.706353769481
6547.368116168824
6712.032662828816
6323.504758159697
6564.934898313505
6240.807607456119
6527.990026016679
6276.528096926415
6642.361857280904
6481.105649737339
6953.895762184416
6882.282521775309
7480.404772162146
7481.27795339474
8250.934008505452
8281.585638912258
9356.154232761688
9221.727027098135
10886.905055814274
10037.324616291953
10207.351428766788
10318.761296416782
10222.90822817455
10062.862766691314
9804.534569868618
10177.886202653213
8809.521613860912
8701.676063608658
7723.208782655079
7641.355288997632
6937.289282923246
6920.464043501981
6365.395921397162
6424.342257379377
5967.021357777093
6112.777369892401
5753.81446399317
5995.040011230302
5709.355479905994
6035.222034347187
5859.717660208767
6304.898770645786
6250.98425291662
6813.011235800301
6849.423661414293
7517.95794120492
7622.457123850228
8470.161559639444
8612.170907294645
9748.754432529939
9744.062560169883
11310.87650716809
11094.719606330744
10959.474338105754
10542.853424548404
10621.634176007237
10767.666650852365
9311.67467326469
9214.04845628388
8105.066508597513
7903.299424111745
7100.585701636535
6975.798474115231
6350.297146176263
6302.827767432745
5757.194599622394
5787.002719388223
5338.279148518262
5486.010885743632
5150.854528611555
5412.547010075944
5212.962945053383
5617.1694827417805
5574.943780649923
6119.483204862017
6196.530949380372
6820.707138522408
6962.961616385106
7693.2031114679485
7895.384295442389
8847.769038451986
9057.121936151816
10257.638910731248
10008.868809560276
10225.829522975782
10360.002334841001
10065.980402328834
9917.332033804705
9686.696095004017
9872.497592980155
8644.694960559631
8374.374604186583
7417.422847888704
7199.389404182842
6497.568269614155
6347.58173491716
5741.109025891687
5645.457266684795
5092.716389383499
5098.464096742631
4669.372591853833
4837.390854784029
4567.112815916994
4916.169462062462
4846.5487072743745
5384.407645048515
5487.504908882779
6128.822906273574
6297.042670780743
6973.847816958429
7192.47951392611
8010.404824739207
8309.42267668884
9408.69368369508
9587.981760828703
10906.333067254494
10801.243247528178
10746.103398940133
10646.681914005861
10742.368120066207
10920.311174930956
9377.98537361761
9212.75303420628
7949.53548574628
7577.1832692228945
6786.140388606683
6559.14613639247
5908.397782138957
5728.3461501895745
5085.383692534177
4940.784137065199
4376.6377725791845
4394.018902905317
3987.5242897050903
4245.93158780029
4104.265403171278
4599.117675241175
4713.962391248728
5378.150481264792
5601.071244583231
6267.084872977153
6513.424443410439
7236.124281939837
7532.531656862028
8610.071976110317
8949.23075140488
10290.5683649749
10071.074145075274
10300.125919367583
10438.11381314104
10270.457299129626
10121.758743429256
9877.17568539611
10078.764684596996
8698.342474106848
8317.779304474758
7230.132124489884
6932.605762681246
6227.318459500573
5979.611961401309
5320.798533697112
5073.2190979479265
4393.119193476914
4205.2734429958955
3632.4277031219444
3670.1071902646913
3383.6392241383046
3812.666038883014
3885.7432601533087
4554.9580646589375
4826.736592260465
5564.092039386843
5841.974179831215
6541.961544133661
6845.298716758902
7657.039720200026
8108.660067169457
9391.707794979715
9648.40380264904
11112.784410465056
10972.580241530732
10897.398886042107
10727.916701699589
10798.912582378029
10932.326119998215
9496.429687045516
9217.33784718027
7944.772991947927
7483.330331676933
6685.793374266835
6384.993332884906
5708.2850742475985
5432.391914353419
4714.482131370864
4418.303616959913
3714.8030277773582
3510.9233799834797
2956.3991650438447
3129.566995573182
3094.3116490379066
3708.43318098872
4010.186921090328
4774.517957538572
5142.2166753384345
5867.368349364827
6208.225436920742
6952.135737884438
7327.789262677181
8406.93338215584
8879.507030455867
10182.520151521469
10082.471944881212
10310.966889247618
10451.892636577111
10291.601220546914
10164.010768032667
9953.426649722944
10063.387128124627
8811.45551818782
8359.74269060477
7304.871509275121
6936.083600143648
6211.514043931168
5895.0884848217165
5210.300183964622
4881.924579171796
4155.782879845447
3848.9324478502695
3171.796710459829
3004.0617124994546
2617.5482388101855
3041.958041310999
3261.6026877663435
4013.772499003133
4421.247346379471
5209.668479998459
5591.761167847208
6328.2193785078825
6714.724353020408
7547.720108194299
8071.3530982343
9279.24309072341
9627.304744144163
10860.549923338944
10763.827009902356
10719.608697046864
10472.910274874712
10487.91561957038
10530.201575901581
9504.681543270108
9152.653973918052
8111.158231914919
7648.915177878135
6834.775416220001
6473.246892116604
5780.789859579448
5449.030553781216
4753.012832098194
4424.311316602453
3752.0264444313384
3494.015310151997
2950.3887459843277
2927.265367279984
2833.1221438619123
3434.2279377375576
3803.595550013571
4577.984008458042
5005.962519344945
5751.744232606578
6157.847472725161
6934.891907885135
7388.787955341808
8352.390132211858
8870.858963940895
9914.665542612007
9966.147755915596
10151.128492139333
10272.411784408065
10149.855298903738
10050.132014246214
9886.298902329096
9906.871127631226
8931.48584726485
8484.417738531758
7572.672535723428
7159.806771856513
6423.469521854043
6076.856577051131
5413.094866350977
5089.9449289573
4452.120247398451
4179.990015609201
3627.37079049515
3496.6136218317465
3160.461420434925
3371.7886160598655
3508.973610975121
4158.732756944288
4538.642199202572
5267.6464621768855
5667.618806461266
6404.858751575691
6837.153669712082
7686.014197065524
8197.181776482335
9204.105363861616
9588.373417496461
10496.161678298886
10466.745518273721
10460.920505937149
10353.13935842675
10396.28678357212
10473.664435018116
9593.068271465896
9300.986981070808
8371.51588942947
7931.808919940436
7141.253727391199
6765.28726126349
6099.376461593909
5780.478525074868
5177.25164288621
4908.970302485022
4380.637193843298
4207.602019900073
3825.398432736874
3856.178305821011
3759.2934861857907
4131.85198661041
4356.781785261538
4957.326985017785
5312.305867767036
5985.235118906802
6387.097215279831
7144.636098329903
7611.55950853878
8511.009111974023
9005.301066252767
9916.598921753704
9943.423862969112
10097.089823923272
10191.824064621116
9946.49332315397
9868.180657157744
9753.066649256949
9973.173569057346
9020.117342065718
8715.311509193025
7896.35123992606
7524.532333263533
6830.266680371019
6499.668539572472
5911.842287417161
5648.230518364242
5147.36077556325
4959.506277674086
4566.946891187091
4514.261355197887
4312.951255898843
4494.487742579566
4542.095093874254
4960.642453246132
5195.206526631884
5760.049052067166
6092.492156615934
6762.771518086785
7169.876142193434
7934.695079237518
8340.716497582815
9299.969359627574
9548.765648948214
10509.309200087271
10462.28664263528
10435.58482088681
9865.67936853787
9826.099031039232
9788.087614404605
9801.937408025457
9111.67779737333
8672.67184040889
8268.951587989242
7614.158464848664
7292.3185033833415
6672.799783444834
6397.296685839671
5908.279763053078
5709.608042165502
5318.938027011343
5209.3854519214165
4954.647559845962
5011.015736709792
4959.878375713885
5224.578383746826
5349.6500851676265
5772.375530165647
6014.165624594493
6580.114319427223
6926.890644963017
7599.797677028625
7878.543829418576
8332.114261094226
9181.628570134595
9607.02825021885
10308.524445382314
10372.074478014207
10392.754134484741
9834.776664899244
9808.117194022663
9779.149782388791
9656.291357944523
9048.01669000962
8540.562195260209
8237.818386306177
8106.053021500321
7503.6202826427725
7221.146661678835
6697.1144758326955
6496.394777451319
6093.814966729625
5960.211466653267
5656.5399873647775
5635.7592339057765
5495.891325819151
5658.065278727024
5699.735182182283
6021.055631007933
6174.739116599709
6615.942421630113
6878.134641628573
7475.46612021148
7789.636509101591
8352.309477480736
8514.286180132834
9129.317484770469
9628.913241868218
10165.563530814181
10275.75122738276
10327.213512072618
8907.628498449709
8696.113978526797
8688.452279279456
8250.852413501412
8039.2396305845205
7523.8051187289675
7317.991014321699
6915.648597305513
6770.326903357127
6440.046849828433
6355.662643943275
6142.597781333557
6211.763398983615
6181.2702179476255
6429.143472532714
6526.187944064744
6870.6282600870445
7038.214061151675
7490.465677589804
7760.216860581179
8265.794622771531
8360.93806990217
8517.177819553222
8876.89290120791
8669.71860129945
8560.367134090007
8483.021810207309
8611.554817606557
8176.017617365907
8082.09953414437
7746.330951555258
7634.607042774212
7312.277973384485
7207.203150328358
6926.327417236224
6912.189286021439
6795.816957165693
6965.2131740463155
7029.057747220337
7313.0714730528625
7422.6507492917035
7730.421491959954
7805.035809941325
8232.378985106574
8341.8725902027
8738.708015875469
8716.863238101714
8796.240653844065
8609.78086653269
8564.491655702546
8546.535318831016
8626.337504420304
8461.96771806327
8483.694850440355
8427.202782943721
8208.96651902182
8133.340549222021
7883.764466095049
7840.209022421981
7659.72730720192
7731.792281943234
7716.3995251679025
7916.775082466444
7989.388072912081
8227.429276176556
8239.32581295079
8264.599905409757
8431.438669499297
8489.761851177404
8709.660625139622
8719.92181066998
8754.447453160717
8608.819014569908
8602.726686810405
8650.203750609306
8856.567687139754
8978.935897216126
8976.605992086344
8895.920747032545
8968.062962096765
8803.760591209739
8781.702746936402
8667.4848407603
8688.353631429858
8613.400106462614
8714.435627363744
8687.006729668787
8849.894550025976
8883.974623094995
8986.226877051145
8993.553749570034
9060.188108041802
8863.713574318483
8788.343012828787
8751.27544227767
8755.533112556855
9411.8076055823
9404.160728430083
9435.513096747783
9448.56875427264
9473.411069065134
9423.279933075593
9477.194825366738
9463.730238529535
9470.40693519048
9462.080264626285
9441.7575947817
9453.88763433703
9481.305754306453
9401.925061892445
9424.874416799441
9501.915560556063
9541.163484654411
9538.780730993552
9543.084300906403
9724.851778401851
9746.138886723795
9825.110081760204
9866.58477599265
9910.437868660712
9900.232150492358
9879.3300393597
9809.494642062416
9787.952651856554
9738.603720800464
9628.774866711934
9611.576359102379
9630.253554938108
9563.813042521164
9572.098286428996
9602.23010467334
9765.788980183572
9838.26745413344
9915.930469481083
9986.649275272517
10027.902133689262
10027.648351055397
9993.061224782492
9920.214351358401
9874.966897743147
9814.070147625094
9682.898220348357
9645.88633620599
9645.027868460995
9582.19157158231
9599.377978789846
9645.37822331086
9800.228609176542
9895.256199362084
9989.47487580162
10069.247327354351
10121.413112978888
10118.152090121846
10082.742812339899
9998.575528642665
9943.497823743739
9860.980316982303
9727.151655631593
9674.60656137303
9660.84569948275
