16891.085265836395
17047.825036334085
17155.13646864197
16993.669945251866
16888.533577644637
16683.308161495926
16559.83035332829
16364.120735936496
16272.902382839062
16137.87533421622
16115.049766420538
16034.352414811256
16030.711253351737
15850.662246105005
15630.095379258502
15434.343008560685
16752.209270120904
17010.09438889108
17263.08150027727
16999.836917413904
16946.38294460305
16672.265142657012
16608.612296747677
16349.173591590656
16316.191129980376
16115.752864184416
16149.977997846769
16014.303201748542
16088.625743575332
15820.088163705388
15527.654429945227
15260.702167894397
16427.771150800407
16849.256134127892
17511.444094923976
16950.982413952213
17084.466811334256
16603.72970790287
16740.231280631444
16275.43172371292
16443.367494154587
16033.782566694454
16254.569312443078
15935.32553714124
16245.146009454733
15747.571955407713
15322.177601957012
14919.641600437762
15758.42915434548
16079.853635697085
16399.750869776333
16558.5726096097
16228.659119106227
16209.92416504001
15873.318668263035
15865.288757033206
15556.383451077585
15617.48072332711
15393.487907213928
15522.172242049348
15332.52659189014
15462.61089430617
14813.24629784066
14269.437362388828
15338.448829665876
15350.244390739783
15309.172374916208
15154.771275713403
15236.479035949571
15461.35729670826
15861.66203438661
15635.193226884181
15611.429137557649
15296.922299803755
15219.56045660185
14903.373922331353
14883.338838019552
14660.49906298573
14727.75946960122
14571.054351049888
14659.466693591588
14375.86344922304
13963.114348999541
13502.143941916984
13148.543609159196
12931.112788600834
12790.674841764629
12694.587179340662
15335.213507826047
15395.223234247309
15427.714494183729
15098.720491714215
14969.905682733804
14870.514323307387
14974.052442271375
15014.740202628429
14740.17317658891
14626.595424436433
14304.107952264969
14195.743639099526
13945.47134782045
13943.75640704844
13798.875430087366
13858.079230955947
13712.134590875168
13742.045139080266
13336.22352280174
13031.710675224636
12990.543750762012
12853.128744536909
12717.903498143722
12608.930822402259
15268.51620490737
15401.69087447214
15729.428263727646
15107.26292698441
14985.61696292355
14556.69928022385
14517.698489264798
14245.475296561732
14117.215757090944
13808.25687778447
13646.088206638915
13363.242920625076
13274.1561776489
13089.499528601564
13096.987484649952
12970.42752658531
13010.391054675702
12871.165353623197
12908.734812757624
12742.654958106576
13035.861012277726
12807.902679110686
12609.827032844252
12462.791101763401
15074.347375707866
15030.66589639928
15060.483132661295
14941.824423327895
14463.3716088851
14232.737446662746
13869.012279699964
13692.781822711557
13373.494799159364
13189.553200517337
12885.408346697954
12732.549523278762
12495.55923749379
12424.214283795209
12266.173970846095
12263.650069715271
12154.238313636199
12217.831786034263
12157.503582362733
12348.744723229978
12381.251584578786
12676.231951569598
12365.871568881857
12226.261290504966
16351.306299481632
16253.145827710561
16018.671440465609
15509.682296541034
15084.862963352465
14844.446979981905
14868.095831316365
14403.208984507608
14110.244298148156
13645.832326634816
13382.18074644085
13010.53331312541
12782.818393586955
12451.401086868154
12250.52192783367
11967.09672195319
11825.929160064337
11615.860802616653
11551.272990459345
11413.628278929458
11438.556350638628
11388.570897720863
11539.463952592012
11605.329337764582
11906.965695669713
11947.88807739592
11925.064664348507
12009.796954226058
12272.199361838762
12517.553183727048
12639.533142792341
12697.018922280908
16458.076389124824
16431.91846044215
16312.74323805238
15715.869370104227
15203.45357816807
14676.673249634838
14386.553376246487
14096.4125051029
13572.667168327109
13215.992704446013
12761.655340644376
12461.794118674601
12069.736792786607
11810.89891801035
11473.056476693802
11267.76949411271
10996.115633945661
10867.97564920634
10678.840447353054
10648.642516697813
10573.343062762515
10683.17764886681
10744.592430366401
11028.205497604065
11221.974793464988
11607.078760054515
11699.350170485377
11962.400193296853
12419.956566673249
12655.05870893459
12730.89698585438
12759.258685467566
16526.287249668127
16607.552924466494
16795.421248028084
15931.157915582382
15471.877918129629
14688.758435609985
14255.945752275058
13658.53681299738
13219.197680394593
12673.031183424044
12274.93211263086
11792.766494052345
11442.481080299865
11019.855870705514
10731.840673316681
10382.53382387157
10176.798684156549
9926.757885912431
9830.021499701237
9711.301778395355
9780.499609623086
9837.211897983438
10089.53719263844
10315.702836719147
10742.843059944054
11079.133652674345
11618.846399873046
11986.494106992926
12715.43990017433
12833.511925147623
12833.129624252895
12818.666390578146
16384.401714527266
16381.455695717881
16333.869285428505
15999.289413686532
15217.362009962508
14628.919040026036
13912.90613310386
13381.50316869974
12755.521722106467
12265.867216716297
11687.808423537614
11223.910203970383
10687.930612184768
10279.099532873252
9816.663336374937
9501.017757182466
9156.559264654788
8979.231937121169
8790.868161954499
8804.36956185214
8841.921031629188
9086.79878716773
9325.629314086023
9749.810972518733
10137.28206352666
10713.923528543692
11206.060591774032
11907.96616341807
12391.646892615548
13017.492789890408
12876.006109735945
12811.577426200278
16280.63182017566
16303.668685334862
16370.398848518522
15691.716793029193
15111.460391998584
14304.992105710513
13679.906143425302
12974.791988884017
12411.139698794968
11765.661230911432
11213.376355062186
10565.864034169626
10020.962281127215
9416.127063978724
8946.301918941817
8455.820522884369
8144.6989992961335
7849.981119966382
7764.067364496292
7744.017846150811
7967.901850613666
8228.311606042123
8666.59995378373
9080.915389087646
9655.57548471714
10188.634940949756
10907.048425333149
11512.214098086532
12261.333725721384
12583.38151977573
12634.629948073163
12642.19770854673
16107.745824060134
16074.779470191617
15987.381654611856
15605.716607589286
14790.518056469771
14099.284327369462
13301.200938330083
12673.18031309338
11975.692156297982
11374.350923610931
10666.658255839307
10018.886868825324
9280.394969361038
8643.240556027618
7963.146862003785
7448.649626373363
6968.615096550418
6725.2540718065
6571.898748582731
6721.715644338691
6983.721194147623
7461.914535363354
7927.526768558617
8520.906194684696
9071.254064272522
9775.55773959852
10437.622898044114
11273.958875746788
11889.804720664726
12547.653159951069
12506.111415543239
12494.416663987498
15983.56775130826
15981.624851674489
16007.268917984678
15309.688615199479
14637.38152952465
13739.920070564323
13029.312622631105
12280.330049837328
11644.432207314747
10919.508660125073
10234.177805362167
9421.614219451843
8662.042105327131
7816.0405383026
7071.84969535351
6317.428046915634
5801.355519465402
5419.781612635457
5385.233173889179
5573.850547011562
6078.096204697033
6631.889518214285
7301.784865127563
7901.38407736655
8601.54798337029
9254.241444666559
10091.845488752413
10856.034379237819
11720.09021585621
12134.961558436415
12234.20736238248
12274.06522089913
15789.211728858198
15742.694764987787
15634.85805555091
15207.92208802265
14320.84297813417
13534.150567129329
12684.488708253353
12008.038912734526
11262.798898803983
10576.427610885254
9761.254056633037
8953.435568713463
8021.771711302331
7134.310887119379
6151.744923138768
5289.16574091149
4515.962824755972
4125.99938878321
4059.9883620333544
4502.145611736048
5134.1071991305025
5934.750970494381
6654.815670591856
7416.171888421723
8097.309765805989
8885.95120528313
9654.708609014075
10616.8408693879
11351.124115855939
12061.588231493015
12065.009833731225
12083.243926491648
15622.026227524166
15604.492449469184
15602.051217246582
14911.238604230433
14193.952941197995
13252.496810733819
12490.965151041228
11702.007225820676
11001.446583543884
10205.983513457046
9413.36447685525
8472.81807141483
7539.717298472403
6481.205711696159
5442.052012097985
4323.593843885445
3404.349451782838
2761.463700333676
2822.0308543478745
3438.2792987023745
4383.883036084126
5273.019147773165
6172.34848636122
6944.667222933799
7758.994961191168
8508.114755930816
9416.600075474069
10269.871536276794
11185.03051292789
11645.250869009002
11773.779653904501
11836.332644089982
15394.092043579316
15339.132010282867
15224.412466587086
14801.675315436405
13946.716096841896
13146.230919482792
12270.067462225275
11532.743223204357
10726.11805914366
9959.216706504198
9062.307943021962
8147.670578263642
7100.744644966076
6056.627282618448
4877.289883493332
3723.862644858066
2540.995068314529
1696.0526487955183
1663.585249115788
2737.6108002483
3786.624083727995
4849.332840645817
5758.754805395702
6655.392379891932
7452.408511439543
8323.529064139459
9158.201115495756
10135.172768212517
10882.616401825719
11557.929428643662
11598.204415768332
11637.958390971417
15209.358865279572
15180.653999715958
15155.12542794551
14542.951014411896
13871.473731871689
12980.401523859633
12192.036370868358
11344.73446442228
10571.995306561219
9712.148596786303
8853.535018813205
7866.553112929052
6875.727402679741
5767.181062159067
4667.110322205313
3472.7950398307094
2354.2688592423006
1396.5471662330128
1549.1018272644028
2471.41091277256
3574.3753733973836
4576.2399688446685
5564.761507764922
6427.7446615561885
7325.813036110952
8154.962699845847
9091.310448207736
9928.15218503507
10774.923798727763
11216.316175216616
11348.95273129563
11419.681714049288
15001.748768052605
14949.112479395502
14846.41397750953
14468.08586425576
13696.84420873919
12940.268500038914
12060.876767501168
11272.194810928557
10412.077203774938
9597.455496794188
8681.36239916947
7769.716525795134
6758.816669817788
5768.500423689801
4703.879987734327
3706.883608220893
2757.3321081182225
2165.574281465256
2128.2667302460036
2763.480012477762
3618.048505588626
4585.761649688471
5474.0011296086395
6386.989536906744
7224.462100131393
8136.707322675443
8980.256385513518
9898.208300304903
10585.758257001946
11187.09104213914
11232.21401884537
11272.118034935056
14840.5740575845
14816.434726487165
14805.034369204033
14260.008806576865
13643.209082000856
12805.105050083894
12028.56509715818
11167.117956730786
10371.093092254503
9501.732098767156
8663.517432389139
7746.791381149544
6863.048182101841
5924.046559313327
5055.07447230194
4203.742096771486
3552.1881416513274
3095.597933180113
3059.476167461694
3363.0446047519827
3999.417131713691
4743.684944744649
5591.107897746516
6397.889010880356
7271.860744331571
8086.831566077329
8984.767178634365
9772.365363149009
10542.468400859605
10940.226683889498
11049.931610170575
11108.776921774275
14631.888644787268
14567.444385360306
14460.559105064143
14160.341971476984
13417.085388292557
12738.809101073142
11917.808856897012
11168.042034806102
10330.061204760645
9544.432637429585
8699.83601309721
7906.314887979806
7071.197594113184
6302.480270679428
5537.48562067324
4912.743344208406
4379.596653933637
4069.923786659305
3974.1231227255025
4180.262870810661
4555.883443998627
5147.402957764284
5805.446267791674
6582.923555260964
7329.941670962998
8145.650124462527
8876.86937902405
9735.80608658263
10338.393974460341
10926.087019151179
10955.471106533665
10989.625694430984
14446.099719967493
14350.261407119811
14178.16739685494
13778.324085214155
13110.299256132714
12439.791872090529
11861.088576847987
11136.585480702168
10422.029095502076
9623.856064076106
8897.238650573227
8143.350445321864
7453.654989817519
6756.358247018415
6158.324653013
5612.054669024216
5220.76332617514
4941.8393737169135
4885.413929984868
4983.341000132178
5274.928529089033
5662.594265115219
6223.890988066983
6833.882356254555
7542.688835440643
8137.150736484903
8721.099397000891
9453.524247363031
10080.206205360953
10584.713206320414
10747.199668113666
10828.999898058823
14302.10561015716
14168.723522532675
13917.879883531092
13422.592348356244
12739.265096960802
12160.102830514335
11735.227014366856
11231.804243995053
10528.878811750667
9866.077775699127
9163.713529090755
8543.698972533302
7902.575423587704
7335.450058115667
6785.409234468686
6352.077117549447
5991.938199333967
5797.920469299
5720.486704332474
5826.180570093333
6005.674228386989
6335.370787730286
6723.332396507258
7271.311568063183
7789.496174450405
8334.79450228014
8673.777750668622
9220.547260146093
9832.314298811698
10337.023826546232
10576.181803687046
10697.963480470595
12312.803705601793
11966.669073405514
11758.008151415386
11280.79945067174
10753.301156490095
10123.514043369554
9575.803698866319
8998.016059219844
8483.229929053057
7949.618813424022
7494.655790586884
7076.883000794708
6797.6430159393585
6608.296402521443
6585.353477272109
6637.524707699315
6814.166705849408
7016.406856322501
7344.3860319108135
7702.457377414556
8144.589349602396
8444.528716135064
8637.303975952347
8951.728940868212
11976.955501057877
11770.734774782588
11611.976318263374
11369.305346958856
10876.564770624831
10458.69817661039
9992.935709225072
9574.241803371331
9101.647926551988
8679.727132015922
8231.698831098935
7887.752259315228
7603.74192340287
7477.507352879262
7431.362999987049
7512.051013426156
7602.258660315376
7767.590688581767
7887.424111167834
8171.1776092864775
8378.555989401906
8645.388562497974
8676.222607339276
8805.88728066148
11781.643845062328
11646.989460935001
11507.070492856961
11291.360108270024
10967.273413859028
10682.108513336401
10470.618399235114
10137.611175566424
9814.755109982714
9435.262553947541
9100.603274575255
8757.818178077754
8539.47041817955
8374.733610164854
8355.127447055682
8359.133057789486
8441.651505296333
8462.482745218862
8429.863756118331
8485.67100045428
8536.120662311923
8637.43767095986
8663.348212212142
8724.601706982858
11683.244423490463
11583.911633659207
11469.782616508814
11317.7607553312
11136.579525818306
10972.61910006587
10874.340763124588
10726.43533360953
10464.465135202236
10236.537384831938
9954.866502876795
9730.553975612022
9481.499909064285
9344.069260118169
9219.723084617977
9213.452444283703
9191.876916373329
9205.963321161398
9079.834524706213
8985.995267438999
8822.735865920571
8741.426513747707
8700.341192015283
8711.854927122458
11291.232262117212
11235.03443088154
11251.697991662315
11150.739222347263
11032.217362800448
10859.307764080242
10718.10171472825
10513.447622856858
10329.515642454593
10118.177402624708
9974.958476769027
9864.56071744089
9815.970870619136
9719.261878100844
9582.97229513983
9473.498254205617
11367.178668979763
11353.5221818208
11382.072796794986
11405.667706964727
11319.329594793198
11266.983673185636
11140.716811672726
11028.601304456914
10811.570481910376
10630.830833340797
10407.517718882447
10289.99367359547
10152.649853361601
10052.474809771622
9902.44774859423
9796.61894897527
11392.602546920087
11392.93343343693
11414.827668448546
11432.861295188086
11395.058429391149
11358.16727326318
11274.787525929016
11165.307975573063
10976.464924853204
10778.546212269435
10560.628242047507
10406.248001109174
10258.78942786355
10138.465579208552
10016.796158309107
9934.528083209894
11406.462249246837
11413.177187979745
11433.36896453182
11450.937768638592
11435.936399133701
11412.0374431901
11349.822872378572
11246.793953463635
11072.089293933239
10869.92890995222
10654.03165825149
10480.670280319446
10325.243862536621
10196.644142091005
10083.360311697776
10009.30538915972
20528.17703311161
20831.451302181234
20787.248233507864
18345.048113478788
19082.027410079856
17825.344113769454
19220.06858762394
17904.417590935
19053.306197146867
17488.92750613812
18231.370203140512
17110.957909634348
18432.165854893174
16916.640917318182
16676.429345913555
16574.089347878005
20307.658676005543
20861.913080638555
21206.042543894175
18017.042930689102
19330.61915497602
17517.92351894338
19597.926378460506
17586.65826454278
19425.68228222982
17196.42837040561
18460.24202476814
16823.275166082458
18765.061487416933
16668.638664831222
16575.37467599754
16500.532357036296
19729.631255470926
20653.224012768747
21804.321804315114
17483.713517748103
19754.672651386423
17028.383576306598
20235.73734525531
17032.643340001367
20033.357035298777
16690.604158585444
18841.87390285432
16356.839050729426
19292.374304108114
16291.4888939172
16513.261743544186
16423.112995118576
17120.913811684364
17208.18221725132
16875.665778280145
18491.340947780795
16524.750344893917
17859.579167173433
16418.033818569467
18235.776238119757
16153.721065925301
17816.10124004732
15718.611616615704
17196.986486623227
15762.300496799051
18124.701012213973
17202.575806727677
16195.901814947612
18082.82680428811
18095.507721511287
17792.958938034506
16176.527298117402
16469.846836736637
16869.917777470087
17665.567010774845
15825.1911640083
16759.022595292383
15434.79327473325
16812.199683206065
15266.961803597354
16545.329045298855
14978.243019968342
15876.645016348952
14733.861452894109
16015.473213356596
14689.31539937905
14854.286839731398
14319.113586661062
14508.227877881098
13812.766801885098
13645.91228627785
13593.654637487596
18072.950962851206
18278.235997601456
18307.64609827994
15880.120302862284
16127.016185889932
15059.938563939771
15042.220109127908
15940.959263108041
14748.899820779514
15414.668481656872
14417.341169271114
15308.733317300821
14087.066049898249
15017.70883004726
13843.343132505706
14705.213284732432
13830.74776786877
15065.907651730633
14544.313730139078
13612.979589941737
14733.481140331933
13612.301603964877
13553.088342158873
13544.33628330953
17731.90679979825
18279.49841840984
19072.681661876177
15456.461794188273
16621.17860214323
14599.74328773017
15333.842385690667
14206.297640136352
14687.715036379981
13729.39790542339
14155.50010227776
13289.000015705782
13791.138497685177
13029.54902217371
13659.13789195705
12952.515599875242
13725.729514649618
12980.142250689358
14190.374411867675
13010.788152154895
15259.768767935226
13272.255177322582
13490.719142101821
13530.700728100675
16017.991350992179
15777.237370573
15388.360157805228
16356.044738748782
14574.06249952515
15049.58973822571
13810.789886018578
14180.231745515777
13259.609781817937
13580.330121042705
12756.63355832756
13091.820851263465
12378.152987642432
12807.15320120612
12182.794947898043
12737.80850901039
12129.333262202503
12889.965356729539
12273.140659908695
13506.436476073332
12720.219550108694
14832.673807306046
14192.52578497111
13677.634699890767
18951.24300975964
18797.88924321389
18386.85205388965
16488.678622784977
16082.968359258613
15866.347288352608
16347.5889887728
14494.427402805999
14895.253779190196
13590.201394930264
13835.662560323677
12885.557545221804
13122.141317676693
12311.389089040294
12542.320438931225
11827.59019555423
12123.114042438947
11495.984705131244
11905.322651857032
11336.596561160171
11889.107913224623
11375.447499145757
12243.196046822144
11721.007504247993
13021.870121892156
12215.412823384058
12556.462274262234
12697.21731097802
13620.86441303171
13478.090824785042
13456.065418811068
13467.919402749305
19159.39812026529
19187.6144226132
19038.105163648197
16457.96347177402
16223.979773603069
14758.633296310943
14376.247133038443
14820.19499625953
13503.667828240857
13681.346697062883
12630.574958449137
12782.239509914156
11928.250963678254
12096.66585175452
11336.227447788882
11543.167536756077
10873.165951102836
11163.87452794035
10585.394742509357
11008.092481041347
10515.420759673481
11139.217683712151
10748.580062352568
11711.212802899037
11335.564489379125
12753.987249065181
12691.379541263968
12548.547092256242
14091.710183160754
13422.551811696356
13432.55767989978
13482.97475074681
19108.655692314765
19430.2930259413
19886.59805763049
16170.733287366083
16798.45954731398
14652.663879572534
14879.606868036295
13558.93010623267
13604.087340211408
12531.27916054501
12579.666360360561
11649.067336315338
11729.69106160171
10896.104886028184
11053.033227851805
10288.933334293104
10500.529672692035
9846.452443154723
10169.767698331727
9649.591724632022
10151.080299813124
9797.119012280313
10523.430465596968
10314.333352877069
11335.841418183076
11175.934123784873
12658.727800978993
12205.195495639911
14688.195967276195
13195.960512601152
13440.259500015776
13594.685349296513
17202.274049430212
16963.344741108373
16572.028303116233
17283.506543198007
15247.42615712164
15244.516770342141
13798.664577708209
13721.270678298051
12598.12319162322
12519.141806392463
11535.127923573931
11478.609273447948
10560.25105498399
10562.411293108555
9730.983502939986
9833.59014583885
9090.440221641253
9316.63662565324
8738.708936294914
9152.628988764778
8797.436429649904
9446.817793725722
9290.583785356393
10154.282128024686
10132.479789146315
11283.409833267682
11296.369780753905
12892.520660554093
12687.85572290789
15103.66959098986
14729.996648524682
14490.290391136097
17576.611146570085
17726.278790928784
17989.025156594635
15754.051599922446
15787.310070672507
14195.011099154686
14003.511231010574
12801.874696400217
12618.046683616885
11595.975500878158
11434.430711762694
10430.966099151734
10281.543619297316
9326.850156376493
9265.900866253192
8411.109561263187
8481.86659643472
7823.092766034941
8111.35711237622
7723.734501963254
8305.40077880895
8199.427733802582
8988.604860608875
9044.947577147386
10033.032622260936
10183.229113045776
11497.175743164378
11615.658083554807
13348.820348315163
12826.634098004652
13148.695541999652
13344.911447278311
16625.84265709734
16409.82176334423
16070.00783383918
16500.17632295607
14733.919363958881
14499.402431528548
13126.044817680098
12858.108784375285
11786.126456080945
11532.56391595258
10516.289558538538
10237.216762174787
9181.50953570487
8929.015425455158
7931.883219134395
7808.962342918124
6976.726332603348
7099.461834396559
6585.347521180415
7078.776955369937
6981.945608555398
7784.723073061354
7895.287100391273
8818.178516844013
9031.391700339365
10166.444922241893
10464.480329962
11994.44022928552
12070.940748649395
14069.68080343618
13871.486316362865
13758.196953428369
17306.34614214999
17488.57721118546
17810.06796307801
15461.265329969372
15440.247352556193
13660.026883026982
13221.887300362803
12073.54774980171
11751.489291561002
10737.596749479553
10407.412080570879
9304.955359835747
8902.989779801157
7772.443916569788
7440.149601345093
6358.110171891146
6238.37410946251
5494.710391103898
5775.997450223912
5619.35502537355
6429.558786120624
6640.066595661161
7565.776170155004
7856.028209644538
8873.337998959285
9215.296263422435
10735.0617035151
11038.392395190755
12960.130672292129
12464.756939948253
12799.292498622899
12996.810491265325
16387.705397983762
16177.781138704866
15826.378517503303
16307.787356335071
14353.527791097977
14006.885824747942
12480.63954108418
12102.628582610783
11056.85604375859
10670.41158996985
9619.500330575846
9145.166764110723
7950.767864177324
7421.319019686734
6184.021526854989
5705.527651852788
4617.6034555741635
4578.1376888813265
4151.495743826464
4877.753601269978
5182.018424660615
6249.909759128694
6634.597832916865
7648.724887144677
8042.818354818183
9181.665160950624
9715.168148432385
11488.562681496012
11635.895603415089
13845.300622577852
13580.079905096061
13427.982914255708
16779.343781569583
16928.563819847273
17187.957391248103
15032.100946342664
14873.44597948001
13144.612927396292
12604.222518308961
11481.22969418588
11053.27979184815
10022.499777210425
9551.584682901903
8369.72501072848
7761.215744040726
6470.187162643319
5803.820748653829
4416.086739431191
3850.836629151734
2906.9478817978998
3221.309124911408
3531.3457524254677
4707.655030767874
5299.466400127568
6400.68307911873
6900.436940386354
7969.885511021646
8448.164832158755
9931.341598172003
10405.594193457573
12212.761980065363
11894.84270077471
12214.930859327367
12408.274154963381
15756.602528417594
15583.877309294227
15295.19371485852
15622.131264330224
13899.657926145856
13470.183673458158
12043.680534400082
11569.641480868013
10512.04565162758
10010.490599308498
8920.033735078989
8300.682422297998
7037.558695494097
6309.936508069203
4924.188883032743
4104.396840818339
2679.833905406817
2134.5359656659875
1828.3868414463025
3089.7286232973324
3847.7987907054303
5119.4978157951045
5743.371421641654
6843.168692788382
7386.185540812314
8539.092452352748
9155.675776245294
10762.598282264127
11035.936567871417
12859.262267647664
12659.859407254498
12554.900447904987
15795.336077624414
15849.031450273398
15956.371276753045
14444.024175737579
14133.434065915088
12774.638091684432
12242.779018834595
11114.233226627466
10584.195381150543
9521.29279403292
8923.452166412491
7746.335350997465
7028.912582620631
5736.588057127273
4918.085152078111
3543.971968167011
2703.023458645997
1554.4698066413227
1905.23545143387
2569.4374018834533
3848.2614163570997
4597.973202826904
5756.702859201392
6378.207525990518
7488.411160114808
8074.211437191876
9339.560352976752
9890.22655805021
11278.865990728867
11224.07341837413
11473.49640409557
11636.42316654508
15096.242162097202
14953.181132049967
14723.992511914343
14844.395482234862
13511.997832728484
13036.803275768261
11821.531554106026
11269.265637628096
10187.715827163418
9603.423519487847
8512.632604457462
7840.56812174638
6664.37115455949
5922.252779334445
4697.777701551273
3952.2282511747667
2840.614129850951
2471.86776199064
2226.932706681866
3035.9716383228956
3658.630746303019
4792.700050571959
5444.70318930964
6531.52529114192
7142.127709400054
8291.41356649073
8890.734971229816
10187.478521928511
10560.28598106829
11891.292635551363
11811.53477225915
11777.842004157015
15300.142165312058
15373.847686307965
15505.587272050327
14136.457047783058
13835.531692786868
12581.820809227575
12034.528373516832
10921.606109176038
10336.14110186596
9288.120129106797
8659.546309723628
7587.900239183826
6918.070652289439
5839.2340731470085
5186.67289885991
4200.469390648712
3758.810234022488
3144.859378544971
3273.9816093088525
3395.4033555807127
4178.424491780668
4725.273163799885
5719.073307619632
6323.205432256983
7378.939334296367
7981.694262471455
9154.309082709664
9694.623430671472
10936.533864978468
10899.826409771325
11118.500692582908
11257.260366124045
14599.882727255483
14476.461897609051
14299.337641417495
14639.043165597144
13223.295869558771
12850.803130517326
11672.616799354031
11129.79204792535
10087.397440675402
9489.274955614073
8489.512312114373
7877.352846824742
6912.631583047691
6329.220503768181
5450.088618072341
5008.612311057323
4357.000488083849
4212.884098926558
3967.0494716957614
4313.940194282168
4526.204247083888
5256.149571190719
5734.601550395863
6665.6554641682205
7224.06520491938
8247.667110608154
8746.012767823606
10024.263792865124
10276.85910631597
11744.274748713126
11661.558851048441
11613.64558978902
14453.989140933174
14388.330923536252
14321.72259454935
14311.924910132764
13212.854927521472
12512.659241554413
11879.589143214364
10895.172332903092
10361.366352344916
9379.63999976713
8802.010714954391
7919.119702164278
7376.485536836329
6582.257964023246
6136.226477982451
5501.153403005933
5252.756692179707
4872.331414189526
4942.541695533331
4917.860216605744
5329.9735743268975
5577.541566743013
6282.730079471622
6731.4099258009255
7619.587082055219
7975.637884975992
8591.52048946598
9750.530472592267
10321.96511703467
11409.507258879506
11510.2083564135
11541.271485365985
14377.334238070769
14317.701562503162
14233.879178150675
13894.192616377804
12769.82386692422
11930.387560071598
11468.575624816389
11208.295850611587
10284.439653916414
9767.91570227402
8898.481442760754
8408.269997485406
7639.590987050804
7226.382148260546
6595.825764475834
6300.588576845808
5854.008727262543
5782.947581576059
5606.360253767546
5825.786972584158
5888.213246393902
6341.896473889044
6603.362227103068
7315.05726196763
7667.8240429375965
8434.5703646833
8627.82329745535
9432.997339572512
10214.639863612138
11129.120354633482
11328.346548939238
11420.060434900995
12221.217863178905
11860.943383617667
11817.553257537413
11048.419477379239
10673.243215134416
9850.215849877315
9409.642551314872
8697.352824591891
8287.223247235339
7676.472494696138
7359.9441488651655
6873.874183266633
6709.040789649687
6438.525326022727
6521.582464832306
6478.76973628853
6758.928279877296
6857.20154535187
7320.148929647284
7557.4261208427715
8167.2455847749625
8257.779197547843
8459.98907339617
8913.57402624558
11670.4063300621
11465.006114032438
11313.651987058107
11352.098312099784
10587.384421310653
10303.937796277827
9684.110867619042
9367.919785736205
8791.892375061627
8486.875765372131
7966.921657814091
7729.5976652214695
7375.270966706417
7345.215309510437
7229.495122515148
7398.473191711181
7403.393068930181
7661.31176495476
7660.76999461409
8108.232126712478
8167.806064297632
8734.737346685122
8697.75511414999
8789.883106839705
11510.668719707446
11408.441363103251
11331.114823010197
11267.519064318918
10765.744415072333
10489.92315429795
10241.482283807054
9823.891134559357
9584.395387608649
9146.2352066234
8921.011827665418
8513.948252105505
8380.894111798105
8149.524691890242
8188.726895151676
8126.277145344815
8278.845284155192
8206.635370385275
8173.306021471454
8300.183990106574
8327.162193030854
8662.882481485196
8685.726490519877
8730.192730516264
11456.791698877412
11397.531361888636
11358.245888844296
11307.252272562453
10995.531506128284
10709.313687934351
10528.91262114001
10483.718978794459
10156.862244152662
10002.770965877418
9705.959461607912
9547.32964647504
9249.831506631683
9164.962999716083
8958.129960988217
9005.08178825197
8929.401262165142
8994.230875207633
8957.180654785363
8944.835653092954
8706.79232678264
8712.503319441192
8701.738351907185
8718.513898012316
11123.213250472787
10983.202947072641
10977.111634941875
10833.334528436131
10754.281573804565
10553.269569654047
10471.97768628642
10251.843018394726
10081.80184306641
9860.185984674512
9698.101629005509
9577.10825446071
9536.81159867613
9395.68015842713
9403.186415960634
9438.297369263482
11074.252660565344
11009.188831799001
10980.564980997093
11076.357737592256
10957.425002378963
10926.997425314696
10803.425139249763
10685.241429491538
10470.264617230483
10271.990307587652
10044.120775379497
9918.089729429308
9790.47583595333
9646.930502590183
9617.42948499789
9618.436374228158
11054.520625847677
11022.367779302112
11022.705087982265
11099.73323894876
11040.276981784296
11003.468641329719
10916.111888032216
10788.581581260552
10589.228194085728
10372.464929267848
10147.414240202314
9999.459013736448
9866.851378598149
9703.615359771136
9656.928449075756
9645.048378855423
11050.0914719671
11036.341159498408
11050.933081334791
11119.994093286956
11090.570410110191
11065.879037282171
10993.027268020296
10871.967207168496
10673.811757731566
10453.292227208378
10221.61265555565
10064.715556243651
9916.200119190456
9750.816748324885
9688.748097023798
9666.68751603855
