Iteration: 1, num_source: 1, loc_conv = [2324], loc = [2401], frequency: 9.092698701697154, Real magnitude = [0.08], Imaginary magnitude = [0.06]
Iteration: 2, num_source: 1, loc_conv = [170], loc = [175], frequency: 1.9603966234506074, Real magnitude = [0.05], Imaginary magnitude = [0.02]
