11823.403854554186
11873.93349940384
11872.19062335144
11658.892134705082
11451.952421733424
11141.05296775306
10841.33157585872
10455.615409066797
10122.926883490753
9768.756300900239
9522.327576643313
9275.264768976074
9112.755402678935
8862.183586540881
8615.211240521861
8405.662859373524
11779.581059320562
11885.416641515523
11978.172163773092
11691.202541671817
11514.887206107824
11153.963956729476
10889.962871963045
10453.94063971477
10152.95506610886
9746.127794318068
9530.935929282407
9240.015930938504
9121.744611770819
8802.296418501426
8498.458661004339
8218.847462153182
11651.794406684281
11835.54707851481
12192.527685214849
11696.420291058374
11639.323239468747
11133.530796828654
10999.011847522908
10415.571884030844
10241.493680652538
9682.689484191284
9583.594648504364
9158.864226314847
9185.992271258729
8697.090559796898
8282.696472803085
7859.404666395947
11372.869672755727
11431.154514647336
11525.703529485243
11497.326439282322
11112.428302885373
10907.108664677664
10442.64243758199
10157.098800591522
9650.324819000134
9395.212003930419
8979.053004327257
8835.514593877157
8500.201083783888
8400.539628595778
7782.8990533638935
7169.426941422192
12076.204200283099
11991.330758895123
11819.385542327213
11486.242491808809
11259.106595062165
11179.485688662462
11281.907522124553
10967.761365392284
10767.494196995027
10345.709841228296
10041.706447284721
9536.20784382933
9210.656377353049
8746.782476689066
8501.694733518529
8135.257735790411
7946.7670744419
7519.508304687669
6981.202841035695
6303.397308671346
5625.739749267072
5142.7849757768545
4863.017831314519
4694.516927796154
12166.448243068886
12113.297146020157
12015.655063001706
11608.427841332206
11284.218034662998
10969.527608876553
10828.767698605054
10663.25606799274
10269.001514064297
9960.326479633395
9474.405597774128
9096.167796446696
8601.916068364533
8267.21376575343
7848.909513695618
7586.429332958561
7188.978232319653
6911.708020507154
6299.611109070539
5695.480543846148
5298.749691275105
4947.74886982371
4714.9618643389595
4548.75892797649
12268.292708817984
12236.405497010566
12336.908430140014
11750.228498575467
11457.329121785153
10937.87341443865
10682.591022917035
10276.884917935991
9954.551516487656
9489.01147132649
9091.452123285282
8582.461900747936
8181.367564020526
7703.932164416392
7353.0698490529585
6916.288760606429
6583.992527276338
6126.289579418691
5768.431861409157
5275.47720728095
5152.047587185394
4784.908421621622
4527.729287450793
4338.243033355196
12371.210563523964
12169.894525230766
12049.32259899693
11800.842320025811
11272.995532597091
10891.187363824105
10413.16905362854
10054.827733944654
9582.801920756652
9177.598482736272
8663.235412094078
8222.127265964242
7700.104997819069
7271.354452585852
6770.599622866868
6364.618898979506
5870.809837190134
5493.278316413809
5035.82376479731
4781.485919848935
4512.397744709465
4535.658342195259
4225.384428828051
4073.921218866397
14121.379891645636
14002.748951195845
13748.688363094145
13218.39432988945
12667.757274482992
12277.366764887382
12120.774863534247
11630.082383647708
11229.308717637934
10689.554082424975
10273.693548772779
9771.501367470742
9344.196419211956
8819.028253301101
8351.416470298027
7797.865015697322
7311.33537123548
6753.905548789903
6271.417198948076
5716.425973734525
5246.676014159267
4729.763410364675
4371.6969648913255
4029.227880094177
3986.442420596655
3890.36895724643
3828.8640210111384
3922.8323154174127
4227.733074320983
4530.267171432332
4703.149083829793
4799.786624514366
14250.890847139382
14193.349602717728
14049.768810364914
13517.254980315727
12979.876411676858
12404.188480623434
12011.752922550328
11634.028419577877
11080.737462944913
10619.410529736651
10071.787735713953
9610.173508572623
9060.218814184951
8566.992318863382
7984.552342483102
7455.0578130421145
6846.205244046829
6300.3546907019845
5682.09260720127
5132.07077470446
4520.6458011310615
4037.494083524108
3572.5335770255447
3398.7146672268577
3350.363117440162
3568.5070599791034
3672.0192684288745
3971.362209936082
4431.907983021798
4717.902455641014
4842.668441048017
4912.414772630925
14374.51929083213
14393.510366975765
14468.852407258035
13785.529225693912
13326.329004461897
12615.98478780074
12137.579410912827
11553.427141310876
11068.24421701897
10491.759580661499
9990.930516348822
9405.941657535259
8879.56989268608
8266.142101631605
7698.564497917973
7042.46179407978
6438.645068095983
5760.419060098381
5141.90736472938
4453.609037225118
3855.41579318865
3252.316261771977
2877.5413923213177
2720.5920168635457
2927.757160662103
3201.301136517147
3689.202843860818
4091.904458657219
4746.815476429405
4949.676157477426
5019.991639676056
5063.962879506215
14386.834469126497
14353.138616431022
14276.999885172087
13963.1801659898
13302.723588252537
12749.604318757341
12102.544812524258
11582.219975221806
10988.472831351517
10470.479297126769
9865.62907418246
9308.180170082118
8662.612841336206
8059.45330971564
7364.214493458895
6707.64872518597
5970.837585736855
5289.029586221545
4535.7254838038325
3851.449671278921
3133.160133107026
2572.4744945882353
2164.671586888419
2233.383732751728
2517.4821509829712
3024.7669324202934
3516.106656297924
4182.742407064473
4693.302628417117
5256.0491939734575
5233.508581291173
5245.6910702510995
14455.819907424851
14443.548703377886
14450.098339053313
13907.970361318166
13394.319885504874
12706.461062955032
12143.736983050101
11525.70914016592
10998.501050534589
10399.778894456625
9839.50035617257
9182.136578433538
8555.55120088623
7834.746131205519
7141.5412513684905
6354.702020223245
5612.443098072464
4798.890180794387
4043.624589257178
3242.026828278457
2543.6817409173223
1914.8610389015319
1670.6843318290366
1856.7236269292314
2329.261519883654
2845.020762953889
3534.9344330965314
4165.816989027778
4886.4831628389875
5253.476029794578
5365.60402772166
5428.812681119842
14510.001795517952
14461.74396864412
14365.747959463963
14028.550591118425
13355.832430738492
12758.475767092923
12092.733727539087
11549.326866962527
10953.457425498673
10413.077235396646
9779.483908650413
9158.682914420977
8439.207530058678
7738.829353004581
6932.186656556114
6148.8352614529595
5279.25126688943
4467.3617128773085
3600.3619573158985
2820.551503614421
2049.6722758732312
1529.1570489543114
1472.8798158330037
1874.5646110385617
2366.2929603777757
3018.1470345501407
3664.1503279156977
4454.350704026023
5075.135015476201
5669.2633531468755
5711.612468811254
5756.986520089749
14634.597269290645
14611.464085891512
14596.795748374736
14041.670570667935
13465.781271687445
12723.544669876203
12130.294599617564
11519.066665417624
10988.073896532922
10389.932083593743
9806.453288160134
9115.784233978628
8436.32293811788
7654.147808809804
6877.718773588842
5990.656917627431
5142.395247344016
4231.494129343894
3414.6900174027564
2597.813026075439
1950.7061911959215
1607.9578320462863
1841.670392364661
2251.8261091989875
2816.608173647087
3378.568269933291
4096.551451323571
4794.546652775265
5568.461966746733
5974.089508808064
6100.299267573146
6170.100310523388
14738.584193733175
14689.723028578377
14588.654726932893
14220.085599282891
13487.071124344968
12821.257467271666
12129.940730125612
11581.733855785631
10992.868663449395
10448.318239608112
9809.963427135184
9169.33412487518
8429.331644734391
7699.653575869243
6856.576689327221
6024.421785026057
5111.7794230807585
4277.087819020292
3454.3105008384946
2791.357281614248
2283.8855757897823
2230.6331819068273
2446.325886500477
2877.5618774377867
3341.4867092652057
3939.9191793685277
4570.061780001791
5387.612488997414
6045.99252655166
6642.302978282252
6679.289514791158
6714.828695662256
14867.046603431796
14844.888204997624
14823.45402378339
14272.334315565866
13657.319321286202
12873.826234534701
12246.379876402889
11625.440039538873
11084.917231205305
10488.37119185908
9900.641440385369
9212.783529599092
8533.48589199662
7762.438984314437
6999.290506065008
6141.483808977117
5334.128429414904
4506.929628042447
3832.76761519425
3270.39670425597
2983.920440258626
2960.9260702129895
3201.6658143756417
3528.1211683854917
4003.7071391203713
4514.005930677482
5214.767666545216
5925.842415954265
6697.604506007891
7095.735323097582
7199.937372790776
7248.280894018317
14928.263581674808
14887.102387324838
14796.004503152155
14440.30408108008
13729.795783951133
13051.950314217946
12340.080898188606
11763.558568088534
11161.614545958228
10608.419197894382
9978.889986085034
9351.97477880525
8643.938902976695
7956.700456514614
7188.214455676127
6451.502038280983
5669.975939426332
4996.128980055588
4381.273550064888
3974.3212566462134
3733.0779178487032
3769.931863336526
3934.1777838972685
4266.36107731956
4652.716062894834
5201.176404358613
5812.072238759571
6589.853954012877
7206.013985957779
7734.61432355478
7752.294206895644
7764.467001511854
14977.032425930092
14960.71192188684
14940.993317346216
14463.439220518007
13901.031533400115
13165.599287859835
12527.199414145447
11878.02362703219
11314.663932823418
10712.836309126693
10136.458541446042
9486.695882025966
8857.5824928556
8165.9346766112285
7510.873294923649
6809.6183757821955
6182.110337074752
5562.19217033716
5090.3178383617515
4706.074929588669
4546.764563151806
4531.975529142824
4709.412226836031
4959.781409115587
5364.508804161395
5828.311462095732
6472.961718943176
7097.709624275554
7749.8521918705765
8074.844222331206
8139.793355939559
8159.511523462567
14964.298002728861
14936.674589194512
14871.89111941543
14581.081031897857
13965.64458932774
13350.02433501301
12656.59649839556
12062.99090921957
11445.686388312253
10890.788429258537
10285.881166548963
9708.381000508243
9077.680014871452
8486.896971835506
7858.830053644067
7293.296530086615
6714.030628057855
6237.016623396322
5795.377144592548
5506.576620735165
5318.344200586226
5329.515114459976
5430.358721159088
5689.921172357332
6008.892397752185
6488.579437450079
7003.598936359001
7640.5610976759335
8120.46744463747
8525.202558219407
8505.33090567522
8488.561176988012
14948.055234869977
14946.149201521144
14956.193988398018
14570.434234759665
14096.942265390582
13442.015601863493
12846.061213057721
12206.317469774493
11646.082586912908
11055.746561211174
10515.612545583106
9934.355341548096
9396.318790517491
8826.506764780534
8313.941953778653
7786.935288043716
7336.346176771319
6892.669805313913
6554.871528562671
6264.664251759174
6125.959843349106
6075.828025634691
6185.447759445038
6362.718664761012
6688.262871546406
7052.843904341437
7557.053816526742
8029.147755046453
8511.26876815081
8715.531421880856
8718.156258743697
8700.779700509822
14866.857616117168
14839.072869923244
14786.397583322325
14597.930349101163
14064.484195548433
13567.581082739227
12963.204746898782
12421.686410710496
11829.640251174511
11304.121946415067
10751.654526111717
10254.768060258215
9731.962767854548
9261.928366903507
8777.785758446897
8357.956565114975
7936.818766938446
7595.658078560302
7272.457960032584
7054.672510699041
6887.493004932895
6861.85157842816
6898.821580608672
7085.362894347664
7311.5554895884925
7656.190596890858
7957.196142020835
8414.71738614604
8689.544492572202
8978.454731961216
8901.667630479074
8854.677494606183
14778.59521332649
14729.966906542417
14637.027364938096
14397.53439099888
13957.389408715557
13507.057188003573
13125.883918583857
12607.20133845013
12110.167822484083
11560.419579790228
11085.859207238409
10595.201778015937
10159.16825616076
9704.569580128345
9305.47803215589
8902.649830323635
8570.289215358152
8250.850727460267
8009.870538044619
7795.439018653985
7681.678403960577
7614.758817945948
7677.54771987309
7787.84569602857
8019.704984602893
8189.922242047195
8328.114471329643
8580.349859198273
8764.91811107542
8922.297324499174
8918.734394172565
8899.61259605394
14709.952644279789
14643.951720768971
14515.619016676821
14246.343409424828
13846.164898453073
13485.808027406261
13228.674028412983
12892.880869671835
12389.396928653276
11933.534960690115
11451.227725355213
11042.961695393447
10610.905977961273
10227.65426034577
9830.390208339786
9495.41063934406
9173.288240924714
8932.200793462784
8709.297655565266
8567.572116191159
8443.997872451053
8422.265720127942
8434.246019157734
8580.44013692127
8707.638928446648
8882.091022511695
8855.747302788823
8922.65519200048
8936.890909233573
8964.096708835263
8944.692459455202
8925.494559743267
13705.999156305232
13512.73348972224
13423.936002046536
13112.6561634852
12751.046903769096
12302.225372537885
11929.664413008892
11526.253235025615
11170.003369378892
10781.700163233181
10439.852542921559
10097.587730692936
9839.462609820726
9609.113688085428
9464.6543865329
9328.233082309021
9266.755105310753
9203.608224592605
9236.555005594993
9285.315325029855
9406.482995820248
9408.086428078586
9322.547935824517
9294.197277609152
13581.375886138729
13479.746079319872
13423.073139710123
13314.206821816359
12990.018149175166
12728.969213254024
12413.542146522623
12124.279370654702
11774.298526243367
11456.517781928515
11097.800399411652
10808.659018604303
10541.295571896597
10378.179297470135
10239.16621103233
10173.068740974646
10084.10067403586
10044.326103768777
9927.016948877672
9950.602978717088
9886.204275390026
9877.567819580825
9702.251101722359
9608.539966682141
13509.830933712481
13453.879783627875
13411.518499592483
13338.150678358847
13182.878635077728
13056.648423888328
12969.68839788137
12733.278974933477
12496.34828177081
12192.890307209213
11918.828754691936
11616.872284439438
11410.553966773516
11218.149251904459
11129.871066999118
11029.12748062725
10981.19058097378
10850.220953440385
10621.434331552904
10429.104178330046
10208.449383849545
10050.145880233053
9886.48802230351
9787.397180831547
13486.526150301512
13461.836358807617
13459.584681578333
13475.91580856386
13486.339048531074
13463.307322859873
13459.908154928264
13385.737597476236
13187.037762239062
13012.748131869159
12773.103031462992
12579.05571255457
12337.040899636786
12182.650780530745
12007.694018312746
11929.058262053695
11811.828616707193
11714.37020738622
11440.659445262121
11129.611164589214
10672.733501736615
10308.56171345636
10060.087645048525
9925.891272499357
13791.171820481299
13825.87762049705
13908.082860037097
13871.438305794925
13805.847755423081
13677.102926322159
13570.316196441016
13388.808055206922
13211.71630245999
12984.87241054586
12803.036208775702
12635.503388653948
12511.227872817193
12327.350429707181
12088.878536981552
11836.949636483361
13966.025234632165
14008.216911746256
14083.781494418297
14158.5872422643
14124.177443762206
14114.53993532756
14018.557905950976
13927.0079230953
13715.140763318515
13521.326112343113
13263.419424884078
13096.100348433012
12892.198293574345
12718.645749045161
12498.294070732307
12306.443921263617
14039.968897386427
14076.25334743595
14136.149138845412
14199.250608949254
14207.423692023873
14210.041567694978
14156.226635838379
14066.216859526452
13882.043579183786
13672.21050617296
13422.61694407042
13221.857885226154
13014.43339722746
12830.455783656977
12652.981506137954
12515.266736335305
14078.93894499855
14113.392877435757
14167.485221357607
14225.633748932989
14252.496231564863
14265.639478078072
14231.784577777718
14147.761304169615
13978.218857599612
13765.01110923453
13519.134071142427
13301.848455181702
13091.268169816218
12905.65718281719
12743.463385395058
12627.387536831711
14404.77823194923
14578.751094517133
14516.092266566866
12770.924119456804
13134.821007986893
12122.973318700335
12849.50504398413
11698.640390503628
12192.09692224908
10863.224989635622
11130.152768098455
10186.388136232092
10910.540580304503
9766.704016385476
9561.837659175195
9449.27907143654
14278.165829949341
14612.680362235087
14814.168807518643
12560.433989063826
13309.36426120542
11919.871554799425
13106.837492364859
11486.403107450311
12445.549206063577
10667.408755569397
11282.368671596332
9987.144308364912
11121.975716862358
9580.506409691021
9476.603128939334
9368.145390047875
13929.201775059426
14491.462420704882
15235.690785708146
12212.583625273592
13602.925468337911
11593.58414229432
13538.884167596592
11115.111876540546
12858.12275989979
10329.234878491488
11538.026678000691
9667.30513715706
11462.891559189564
9304.476523288986
9409.121847468607
9256.335913837862
12340.127027443637
12259.162113791645
11987.836402468616
12947.695904351292
11472.244845221223
12185.672545016212
10990.62486704404
11936.663958077817
10249.76266029566
11074.534966082725
9414.132221466458
10185.171608871207
9025.067367061289
10433.064489980183
9745.724486276282
8851.491675168187
14006.105492964929
13968.913265982095
13687.693286469193
12368.181104572921
12202.357061957275
12192.109290085962
12624.737619564085
11243.92549738073
11693.087279731915
10607.803984622766
11287.753045936974
9968.386870969027
10520.035769479446
9165.055800100274
9487.149788558258
8475.362353095203
9093.780660858745
7990.703631259019
7947.004066052952
7147.056671477831
6719.009456952745
5930.354052636196
5727.413798581489
5643.197828821828
14044.936831464425
14135.800617160834
14104.78616368074
12314.20953839803
12229.72578539816
11212.389518721846
11004.198398542874
11426.70921124613
10429.397045367341
10653.806927372274
9730.079830671028
10027.536876501237
8895.51828187601
9190.534324599503
8098.171407733388
8385.769368704805
7514.777925054882
8063.485329310925
7405.54661091691
6303.7964956085425
6678.184123851735
5713.735926445998
5618.020192293562
5565.0114106356505
13898.218431565081
14186.535331174475
14667.11359494137
12089.224352936026
12666.61763968556
11089.397160048034
11355.83091084474
10389.972173573355
10484.76720200234
9597.462212908404
9604.811702593675
8719.14435880635
8725.101108658657
7874.935912379643
7952.191927051356
7141.59328339674
7312.571129258024
6466.421067211865
6903.681401365236
5749.990932713189
6953.314061942715
5430.174690493588
5524.654456191249
5483.957186308193
12995.227626477712
12670.750454450508
12347.376775668547
12839.345319502989
11450.780623119226
11548.43756786
10495.855203376124
10512.73311349392
9651.055655926957
9594.67714463127
8747.183803575579
8645.681254709656
7819.918148179834
7738.864800675046
6940.777632489641
6921.543278600764
6110.418801367645
6217.9963559741755
5409.692197861792
5872.602860989285
5076.543147891562
6325.918538832531
5851.9102692076885
5438.200058554745
15904.291801529775
15778.624003590683
15461.624536083176
14011.604133940773
13410.767351689421
12973.991826282483
13179.099420705224
11776.248078539464
11848.491786695784
10755.841448187251
10690.401524115785
9813.41991900511
9708.698568385653
8876.919374684145
8712.209396370326
7886.315008737723
7707.214190214032
6886.647105885423
6736.028749924267
5908.332422120651
5810.057358437139
5005.173685863247
5152.124310127946
4439.675030195194
5080.766160110275
4426.772528811675
4623.478665067469
4751.443762392502
5538.80740525317
5598.875090473489
5630.231223343152
5665.662894595398
16074.68395494737
16078.538866623221
15956.88574951278
14124.821916741555
13777.703352424534
12525.536400415398
12066.884313619099
12195.227780258314
11120.289415772775
11026.127819815518
10088.2822132229
9941.68941883676
9095.197232460574
8902.641780131511
8053.0547476021
7817.013948576592
6959.513801298436
6712.109635686984
5849.799774431583
5621.1320939138195
4749.699576620281
4636.435332282545
3894.173369883619
4200.489053263071
3781.454539430343
4692.117472255229
4695.446686254318
4756.137749377758
5956.754628949089
5627.445963768474
5661.4626186948535
5714.86781589069
16076.536951199787
16273.505322537954
16557.818049755384
13978.372619023274
14256.165358609423
12643.8337968317
12611.62850149641
11552.102381014538
11401.360601377266
10481.395158833047
10290.644365444097
9416.494042963732
9193.256937419683
8319.404753274324
8067.554308642108
7151.292405241315
6848.422181887863
5919.361298785774
5603.355834895749
4664.558487897089
4380.222875283027
3521.57881843357
3496.02769638653
3069.469905396713
3686.023914179035
3619.9150111899303
4738.449972550831
4585.765385522352
6404.027056200551
5516.088785822901
5708.834215751651
5837.918479584312
14903.375256972975
14729.245317572064
14450.361197579123
14844.67133071939
13355.53326733477
13201.121839061065
12071.784530914481
11864.626888136358
10944.543460882036
10713.868177790868
9845.776635868593
9575.670946108827
8686.197666235232
8377.149667662186
7451.289921220132
7097.088290724441
6113.625006678266
5728.418122668352
4734.452764552321
4345.220353015521
3385.7358346898773
3122.556103963694
2470.109455778894
2861.156064440205
2868.534550577275
3761.049722149058
3922.8129612581106
5182.822739887594
5224.493993676246
6965.020640912737
6741.280129179196
6604.548884559402
15291.249784324862
15378.511466115298
15539.2026682281
13969.299212472943
13870.665169311043
12662.459388858892
12397.770195287356
11451.041128709248
11188.892327343518
10344.088033357439
10059.483728363006
9171.943394751885
8828.269528435694
7885.961868674378
7490.306869835932
6477.232309185804
6020.271171102903
4985.72362513457
4512.992056000252
3488.722917557613
3064.3944392055273
2211.9195347849372
2229.1626612788896
2175.732487946482
2934.5320603903815
3183.194236485093
4268.626378980222
4563.028543117336
5930.341912971087
5718.085714638608
5961.728400414762
6115.1119498658945
14818.201220233226
14661.666066091786
14419.29929056636
14633.794452544498
13332.33988306135
13046.329018748638
11998.663349166669
11706.105909216096
10861.576245981725
10566.87323127145
9731.322630379538
9373.689435103479
8450.043290148016
8029.007450702586
7022.294360147677
6529.819913478616
5444.236997888425
4914.5617185099945
3832.5905271112524
3322.39291809884
2342.22959222092
2076.8196891800985
1788.0294159719472
2411.6324428502217
2662.0288283572777
3601.2140925040226
3984.0929797677327
5234.808506454747
5486.400572667038
6957.097475888835
6846.392689996716
6790.645273545778
15483.227508655216
15592.64569575844
15792.897213553913
14148.446942360566
14009.247110752012
12677.030176042294
12274.008712763964
11395.07962719914
11085.693336526223
10295.145102022823
9964.087694635522
9082.133531633166
8661.458605426802
7696.36432189035
7220.893760992392
6127.086137358738
5579.54220864638
4445.0865157770895
3886.551623972633
2870.948104725469
2474.5704649703116
1921.5635283492252
2337.1827994463933
2522.6626508262652
3296.1095842875075
3630.213706902
4798.378048195758
5182.43919713012
6654.212909693479
6437.834864983541
6682.938828576832
6831.811298559972
15108.655820365291
14954.384713798383
14700.237473665828
14949.470788002443
13509.711822016068
13138.20613095407
11988.949181838021
11651.717344476696
10858.910717345349
10528.246191727296
9731.102323586432
9329.906565477671
8414.732995541694
7946.969206032709
6938.987655637879
6395.057342571709
5283.65842949289
4725.7335274186735
3683.1983407488883
3263.316226305616
2563.123709993653
2711.334852795294
2694.784981553484
3299.380337949171
3553.787808368143
4388.399021707599
4849.1376432863735
6212.211913947021
6474.893230813075
8051.557706782594
7896.485644200614
7812.2860636401865
15621.635773830692
15706.322840968343
15860.779660147886
14342.58226549688
14101.922989828963
12786.416595116872
12311.119753947618
11461.181400760575
11115.136592222341
10356.343233297583
9998.807278316837
9144.837576762933
8700.827036588096
7771.329673985872
7282.804883392658
6245.518544493934
5711.749001553539
4685.5448118439335
4232.494214676239
3491.8015000631162
3402.846302326896
3181.394729968107
3572.066146800087
3706.629827077152
4361.257979913437
4674.497691538148
5771.97271346456
6225.918634769545
7586.4482891900125
7449.040322807377
7692.371839525694
7841.527202512417
15155.719567756852
15025.301510340852
14809.574686135651
14966.22607970282
13679.372388846505
13248.360764116955
12154.132541462988
11765.249035551102
10987.198868222993
10624.434729947157
9858.45154682335
9444.672107349521
8583.058838135972
8126.286508820369
7213.934693566022
6726.584483606912
5777.533120024025
5341.343813217522
4533.298872057646
4326.739459970105
3906.3840607477673
4110.556339253361
4076.761532806866
4564.281176484856
4768.73335624947
5519.8862904849
5987.077656336102
7195.719135561863
7491.111288970489
8769.357743828485
8660.4834162823
8607.60920606269
15350.379692092447
15374.452192157918
15430.263434105198
14358.953871436697
14040.862797636648
12984.522138407048
12523.353486598928
11674.324297122623
11285.260232586152
10535.828648186633
10148.256180972368
9358.641584689663
8928.157351977148
8099.663410849342
7652.590995096696
6817.723710505437
6403.009693639923
5637.97691658717
5354.2208780982
4815.1608934129445
4821.85305599622
4637.095046543353
4956.287055006484
5038.302814908015
5606.2795901468
5897.5836532857475
6785.447338885333
7211.830580053459
8225.689066312165
8204.83515584151
8395.40542331481
8517.306987801207
14997.462436651636
14895.139197594548
14728.170710920838
14780.323322147677
13789.285164116483
13364.310440806916
12433.030536542978
12007.22972807171
11226.945059980866
10838.290115603373
10101.099541307296
9698.004465595566
8939.491808070907
8530.030500084697
7776.692059636414
7397.706310505932
6696.715209720227
6404.981783037836
5826.530558567462
5705.332453040155
5367.463949856383
5527.835937497407
5466.014027175176
5871.782390481477
6031.61484158103
6693.762682228512
7039.835505385045
7943.434725423383
8210.808761340233
9093.453852517274
9045.431705098747
9024.760189578661
15218.376653305539
15268.463853059387
15356.59940285045
14425.78411988061
14162.508604459594
13220.735926374171
12782.354980978818
11958.34800316273
11549.089433801488
10820.476671038687
10433.175677353045
9728.25371552851
9347.288439789807
8662.94376855293
8310.033403342564
7675.380384117569
7390.671378349737
6835.376016793017
6649.540372340357
6240.514026440058
6242.614536626307
6059.270723947767
6301.208449985416
6339.174329666448
6817.222584570514
7036.341467628867
7744.924580155177
8051.529795043517
8851.502930544546
8758.282745199434
8900.893400314277
8982.540149876933
14787.397764905661
14706.162831523192
14586.953519307259
14836.00127209411
13847.21081563855
13555.451140226904
12703.539221187224
12306.882661539605
11558.275575286056
11167.274608652278
10489.292291241285
10126.4148837453
9494.520747709548
9161.35676362908
8578.841234494692
8300.94654850734
7788.554879707207
7590.005195215588
7164.2980569228
7081.830247275893
6804.2650085772675
6909.642135700326
6820.711053934002
7145.620319471459
7245.035392804655
7756.330561016146
7885.54214642217
8638.781319399792
8683.670761336058
9570.875775541908
9486.391545147411
9428.25122986389
14702.493522324612
14661.673968463061
14622.997554506608
14648.070655064057
13926.230601459361
13467.827938502853
13032.246937268881
12327.071452090813
11955.199897238635
11256.378353267068
10890.22647707154
10288.481358264315
9965.8523983743
9419.882636297583
9135.95990284407
8655.999703878937
8445.247068458866
8050.661222470761
7931.1502272059915
7632.891069756
7638.083799985903
7475.63370721444
7670.132811217238
7669.888296398332
8057.209153420495
8069.205423375265
8219.841682682403
8689.035825802543
8833.355362067223
9413.266445898407
9445.442602254347
9442.890450950003
14669.210206572492
14641.105600602608
14609.59025585084
14473.245272962418
13806.492419457787
13245.970531978277
12914.329986259585
12745.664284849405
12074.695842460565
11715.454917282477
11091.21300447107
10783.30151636076
10250.993779276354
9974.42695371104
9495.377081487071
9273.85885525318
8882.404683349485
8755.993106594642
8462.75031802355
8434.164770787023
8229.686602657355
8329.457073442438
8254.723962139878
8544.446455957466
8571.067927195103
8912.575058749642
8903.286078976762
9106.694612396002
9102.893275288634
9368.031111139338
9412.450426505624
9427.678592203098
13574.988454239365
13325.38839862864
13303.18217915909
12792.985620332354
12522.527754023904
11916.95188403082
11615.260189134115
11103.454807446073
10837.868990254137
10367.526431798584
10123.994192554666
9718.111442025687
9566.519894659088
9275.154999469749
9238.873098880726
9036.25431192797
9081.437992784078
8950.45684168331
9109.053979390645
9082.700199475938
9333.601239093581
9201.508907580435
9273.660940142392
9420.221600286162
13251.951113068119
13114.71936225312
13016.560544741795
13096.392028833876
12568.370343112669
12386.003963627625
11942.179603114912
11730.037648667136
11296.461767357792
11063.006447726359
10632.022678482766
10440.415530101136
10117.424150704457
10053.81477199159
9868.0059933288
9898.380685239736
9753.07146618345
9808.654119253835
9606.242395522
9759.864929680349
9604.222409426207
9814.779671098024
9719.978515568393
9695.466097407581
13160.6543838499
13097.452569336616
13059.161632134897
13076.140661100299
12792.799102410823
12674.120896821529
12525.339669951194
12221.786532659236
12049.74779800319
11688.218945580558
11503.101086508057
11148.760055998442
11022.682547384873
10787.27451339887
10765.838931664528
10626.401073864981
10654.709739158097
10466.310698706553
10269.321515360485
10083.094823208567
9830.677054908208
9848.383478612759
9791.293153859711
9764.1734473656
13140.173389446365
13114.506570860203
13125.771554828998
13217.890558904217
13162.810095077213
13035.609817827195
12909.428235162273
12915.419779554006
12669.07866879475
12547.007299592831
12297.981601535399
12146.719114397709
11874.10427555525
11764.592148084877
11537.231698349862
11518.708675342259
11378.237081380883
11328.67910804409
11227.895071243129
10985.947708582351
10379.883489188052
10020.448783656226
9881.82105643612
9826.039934134084
13454.445468567623
13384.25101501635
13394.881595358154
13344.019705174278
13304.407041949404
13168.150320863628
13088.773517712643
12896.720954195343
12709.630813888638
12490.642010960308
12287.99030101192
12138.926044345275
12025.102573286766
11824.044389498784
11798.998565497643
11726.658039231927
13505.20815514033
13473.899999783773
13464.006329217287
13600.443358948147
13561.760710510243
13573.235307416853
13472.369000354525
13338.588470795328
13126.127098286857
12902.355241378002
12654.73450582949
12488.428594384419
12314.83909974689
12109.693920909654
12063.754855312418
12021.428275426138
13508.620620128546
13498.652466014164
13515.656758734496
13637.641264757107
13653.202952163805
13658.214019888845
13594.632432188306
13456.247885549123
13250.295507087787
13010.766208073075
12762.31419675151
12576.63709299127
12396.773762408828
12177.640071661684
12114.303731246562
12075.311558373738
13516.968885685044
13520.332694484177
13552.829464979348
13668.781127639772
13708.137777858063
13726.47289925576
13676.954042399087
13550.100340414388
13339.136262497168
13096.859423249438
12839.249941166277
12646.692806409214
12450.422529016376
12233.804088069732
12153.810923098717
12111.59514749714
