21760.72017368099
21986.242362393594
22180.240592146158
22133.351355466282
22172.56401325408
22140.158363489285
22221.59405724678
22254.22588039936
22398.091725234015
22480.407428258928
22643.752243109575
22714.166167704985
22831.152769599357
22742.09092133697
22584.533239835466
22436.987613681864
21559.407460003826
21905.242591733135
22253.421965673984
22110.52769518826
22208.942215203577
22112.505752024637
22260.49718970829
22236.063854997443
22445.771773267246
22468.418156081883
22694.26999865713
22713.08675222213
22913.59151269824
22739.244578358484
22513.546141198018
22305.77664773613
21117.932164142105
21673.599731966624
22452.94100431579
22021.300328826095
22319.683882945097
22022.655524186528
22380.973703373646
22158.10197347498
22578.88902934748
22398.140152259886
22818.826442096593
22658.105161957068
23104.216457111015
22705.418556273158
22357.297928017437
22040.980863587614
20217.61189780159
20756.04338524732
21234.11798415073
21556.29809510905
21407.86284643099
21594.481342392715
21489.245832745517
21739.757106668785
21689.16657183592
21994.133706020373
21976.782810971443
22281.17156530482
22237.434745031216
22489.950123522478
21942.35841960663
21532.353273045268
18377.128724594262
18528.824932436117
18701.291626933744
18879.70408521327
19369.206718528334
19923.629039339936
20551.577972471536
20526.716841374215
20718.969414847703
20632.67702843453
20809.41387715478
20763.47507095967
21017.165310621414
21048.570061918686
21341.44000551104
21375.86016060594
21633.32337786623
21492.474261704167
21222.712915466054
20951.19231766575
20811.82048667808
20752.454959153496
20703.494200025136
20662.722094462566
18236.84417285855
18442.03650581738
18657.15662386034
18602.248367138844
18822.939444157855
19083.85401748332
19484.512130051706
19780.088514399617
19759.51021956493
19909.706461670976
19863.31133238175
20044.359570777277
20078.96297187298
20348.056728085998
20446.20419209526
20722.271616091137
20767.086791390357
20969.73907146028
20741.451958803955
20632.370316429147
20763.590410864592
20747.897525508382
20685.409628970905
20629.93541010409
17951.28104641359
18273.02954454841
18792.114595310726
18421.0295323536
18617.353005570818
18531.11521879713
18828.78982626408
18863.990699298745
19038.054729727628
19030.490399067276
19175.52056823666
19198.70202029803
19411.610408303164
19512.101233065532
19786.887039529658
19902.240843968604
20159.81432992468
20217.674864374385
20448.064755356692
20456.59426973458
20899.046305531676
20774.626791865332
20645.05715341733
20560.111335772148
17409.075795814017
17623.654800153832
17874.385668448136
18019.923543976096
17856.936719802135
17977.197188808303
17970.37031576404
18147.335139968724
18174.9836695333
18336.04950391114
18372.51481816083
18554.2389763748
18641.04632311711
18878.844287479606
19012.372071052083
19279.05054996527
19407.599529990344
19684.912518212623
19815.70631718694
20174.942607884073
20340.706844446082
20737.019568150128
20496.789212928634
20432.643820883557
17449.70290404848
17424.883539824434
17322.303627939207
17067.623579543364
17002.675948399283
17086.654291419964
17377.140322844873
17188.42180454218
17223.659431728873
17124.69429995204
17247.80255664314
17270.501345814522
17440.32903929025
17499.87509886715
17683.39989284439
17770.380044447014
17987.008961246913
18115.855318388716
18374.0676301568
18529.50263587742
18813.164581039564
18986.543095339897
19328.195224687166
19551.68650134088
19978.051129770225
20109.932837810113
20162.612462140307
20327.103420494226
20664.15980681206
20952.583319476074
21093.439054465565
21159.830771177454
17477.04985062816
17506.873640756014
17476.08930839901
17049.219475932805
16789.182022523823
16558.732537722895
16560.40764208353
16558.957777744312
16366.632444835293
16391.83827822479
16352.3233912629
16490.50783215668
16548.393638287904
16736.78019362378
16835.053811184825
17050.306487252874
17179.573668313187
17430.97602432886
17598.362446546227
17888.85250572804
18087.70512857764
18426.134502548164
18672.177813523027
19101.368933037462
19403.61911567768
19871.596662153624
20031.49270494727
20352.88265280474
20853.11087822703
21112.033220326313
21197.615903600115
21231.08341513831
17436.68294243225
17570.330762686346
17832.431214541506
17092.3835640868
16820.56399422595
16265.910173837925
16098.853656932155
15784.75628411895
15672.857710271921
15506.862968812728
15547.625731012957
15543.537869616623
15699.630358381683
15788.878121890459
16003.558721608573
16138.49899446103
16392.962084525683
16572.437364562986
16874.301150807587
17101.63221713596
17458.01329747488
17737.922354675797
18161.416705867385
18510.888440968185
19028.130664871078
19427.05969215991
20017.893949896607
20420.290751598666
21176.518467253733
21307.066892465406
21311.526314474548
21299.71707646372
17138.474577044075
17180.916253909316
17194.57757443078
16963.77767217618
16328.174864551323
15927.918641975388
15432.91942625389
15162.504149896902
14846.686399632707
14730.318256219005
14597.825236280949
14648.556974458419
14674.718662164896
14852.267496870709
14973.190602102568
15224.616018809875
15414.771871597923
15732.589925869112
15988.551141548822
16375.656226161766
16700.14793413308
17154.862910146872
17538.53977562786
18060.116609781286
18509.96476908698
19130.46131692575
19650.754202468193
20373.913245333468
20870.36489056246
21506.58483316206
21365.224211998186
21300.93128177256
16831.48074468317
16894.019620749485
17012.925294130182
16414.62329732063
15953.948301446047
15298.043168787779
14859.173182849883
14384.123394938722
14108.780153655312
13821.170816476975
13714.490548553385
13606.81379122888
13680.793527280724
13743.396240813392
13956.853139822108
14134.67226375791
14457.426942947512
14736.808119093506
15152.113779674579
15524.48191730699
16025.74116457987
16466.619471393908
17015.451699468635
17493.062824039625
18105.15745258591
18657.792769949756
19388.997995364378
20000.275177048214
20754.736947326255
21078.112867346856
21128.504871849545
21134.852613200448
16402.25810272582
16403.797203792798
16360.412339344857
16046.510700243336
15323.632809901843
14754.646213220383
14105.72335121176
13677.086679468004
13239.218955341012
12975.79826025329
12705.547245270705
12611.542291026994
12538.67883417228
12656.767219141982
12775.427609966235
13064.798193635432
13345.638895692722
13783.506141564645
14192.911311745574
14746.36912485946
15253.920868674672
15867.675247354162
16396.383934039055
17018.40249417047
17577.675683467733
18282.104291432493
18941.215938357178
19774.464146182716
20386.131652527656
21043.529359825643
20997.511009198326
20982.97807649221
15963.912384614883
15989.1712778362
16051.125490939188
15403.384149744883
14806.672950620461
14005.214679465582
13417.256762174718
12835.831816905991
12430.980050581655
12015.73990612083
11750.681434517237
11493.103773461246
11433.064651657154
11421.25151649484
11608.417895367222
11826.748223098995
12252.989058976988
12695.483344355132
13296.680708144197
13872.474749804072
14562.809126417533
15182.626818322562
15863.16506852117
16452.85234196525
17137.52312239529
17773.23246452176
18597.07024995681
19348.707970902207
20204.738724569856
20612.28212594111
20706.65133239388
20742.42070102506
15398.63737469603
15369.252585978493
15284.770459600257
14894.72132818422
14063.275063447038
13355.872631803593
12607.668272884497
12072.094466442566
11523.292408988413
11113.720972837913
10688.165282090069
10420.41223654762
10206.476120927942
10220.513707258691
10297.5653998264
10619.298343009576
11029.82925214481
11669.914300774875
12315.668274543743
13086.50752741616
13798.967806341068
14582.894987592983
15257.858529303403
15977.340847164489
16622.484741353055
17382.616250698487
18129.18694852866
19073.57189401284
19794.716024271333
20498.62404370885
20495.095989248268
20508.693299110877
14827.35643600494
14815.9329563587
14824.871954481312
14152.898319765392
13473.015087265705
12589.765555144546
11909.589680853283
11229.824636177122
10687.682220136536
10121.392710439144
9674.351608474646
9240.348166390633
9019.55686258618
8907.256385089904
9045.458524020976
9323.143645378279
9906.533221582906
10594.271866226685
11447.771648691578
12254.103721583357
13133.516010500156
13926.835248050169
14742.359251704096
15450.958887889863
16220.211841651353
16935.89426105137
17820.06449568307
18653.952572395243
19557.065550586227
20009.265028089794
20133.59060028203
20193.53001851607
14197.21575816391
14134.462204844047
14012.938694687105
13590.208196176627
12744.622394597744
11973.620016897503
11149.350616339454
10483.789175706548
9784.944157287478
9191.324299868178
8572.830956766571
8109.576798080797
7746.4496616902725
7667.303327978036
7738.926501899163
8158.253129211985
8784.064089881078
9670.452587258193
10567.050308601762
11537.436541531217
12435.042866092332
13370.294000743193
14191.850115230012
15029.660591621789
15788.168709645077
16632.48484343496
17446.951212259028
18411.358282786136
19151.63726054213
19826.16463484688
19865.466187055255
19905.7850693833
13648.352833686316
13600.02766745002
13552.514891035136
12909.783553391168
12209.409729457684
11300.089705480406
10511.484534670371
9679.531267364518
8951.725142863042
8191.565040448766
7531.513935410303
6913.052398538626
6551.379498053896
6398.822162581169
6587.63356494154
7055.318963531338
7869.645839866667
8788.458354340903
9830.392719654958
10817.841736477081
11847.422029630941
12788.605096956739
13735.112562476797
14578.169355417733
15465.953955903939
16292.221908936912
17227.776290271515
18068.610726868235
18923.766317006925
19372.896051409756
19511.701055928323
19587.669645702576
13126.838230483669
13042.245018658174
12898.795442644176
12455.514083226282
11600.306677543073
10756.420386246155
9797.546425618748
8945.242231035265
8048.763430493705
7247.234233944669
6430.073731823354
5782.664929997623
5323.893475876911
5256.142254856993
5506.269387354842
6184.625780899259
7057.287195542436
8104.238687890289
9142.920961330114
10236.609556153948
11259.541113487145
12308.191952667568
13256.091213302803
14218.615618668022
15100.262750728863
16052.343518302536
16932.58504601751
17886.06808823254
18604.46609641587
19230.7257624592
19289.38910010719
19339.895336933154
12697.721677400097
12626.74936441992
12551.991381416467
11893.923980206439
11125.523269229154
10112.628489085339
9157.235927575577
8131.756242050649
7195.030364734361
6227.490740142104
5373.553315462561
4600.963219466975
4178.111128989026
4149.661030683589
4644.992999160975
5444.434063582568
6458.327145452791
7510.638460384057
8634.309259680214
9703.515234928678
10803.573652994444
11831.22283917374
12875.639824983118
13829.815604628322
14821.81739218896
15736.768534882587
16725.172382577584
17590.5736835342
18425.98821691949
18868.804009993808
19003.692981404714
19080.55543937588
12269.691017390216
12141.764374569872
11943.899515999135
11474.336228480755
10490.100746661807
9529.21083598789
8406.306268896607
7382.259047657026
6275.777732279816
5250.137991612288
4246.774146521511
3470.6022941636375
3031.928657306521
3251.7454155251835
3964.626304547637
4948.318569786824
5998.261824501506
7134.216671912213
8228.271531332604
9347.172358950294
10402.614161031652
11485.056538751478
12500.667782982204
13542.066975636204
14495.337592960379
15483.18865852908
16377.33790927148
17375.350479347748
18087.673856346973
18750.614276453703
18816.933577683787
18876.6002813516
11913.819704791385
11737.476335507112
11434.714699958366
10770.279206285191
9722.93827373622
8627.324577474452
7647.204265177064
6557.677961423181
5447.7855768809795
4240.347693934935
3166.2387786501235
2291.497323471969
2037.2636376054904
2586.104231822129
3578.0973526885573
4648.280213310861
5792.499087976454
6905.814650707321
8035.397044262719
9098.735443107393
10175.055548755423
11189.769069772527
12252.438324144941
13249.842678318357
14257.035294729501
15091.108209878194
15910.680078094576
16871.880358340448
17686.346238904593
18312.242848690796
18531.74347948106
18647.579443253642
11631.81230582616
11377.054737036218
10900.940142121242
9975.004951505025
8685.765553689966
7586.240368356208
6741.195453931581
5796.022807326829
4576.688317325292
3344.980737329596
2086.7619386880056
1178.6093225057439
1274.5503236171355
2311.3519949620836
3424.723937376143
4607.65296409616
5749.4231392813535
6903.179142128886
7984.239650854331
9060.150880482295
10056.752160311784
11076.71680442516
12053.338184771004
13093.677169690509
13997.84201959395
14839.802394887409
15438.510476690184
16286.568102421337
17223.900976889334
17941.706597150216
18283.407160202656
18458.396502207936
7385.685837314131
6583.984830293526
5970.422363179939
4976.465961856171
3806.377751676304
2482.895337070936
1247.641407380374
8.423515463462788
1216.9506077281335
2363.7251951036596
3564.0728795071254
4725.580795933267
5913.625537901122
7033.17553559289
8135.681996820012
9137.549860463834
10126.290402930059
11039.269762191489
12008.098984431079
12932.889865843394
13839.744766736314
14485.097028226133
14935.706842252726
15528.01139248346
6262.939364547119
5683.303269766594
5116.3852088162885
4290.3894705689545
3112.2966079279454
2048.7965444605
1165.789841005438
1166.052281036201
1946.8915590103188
2918.059146142008
3929.5530725444555
5079.543822646175
6217.208886290173
7369.36595240286
8409.555276627409
9399.416538204567
10271.497221417434
11136.802188998428
11939.037598051247
12861.093406830645
13608.425112046381
14274.096605022647
14564.363623271825
14926.587636935046
5512.579977608303
5050.479761616079
4475.791346659832
3631.849673450595
2651.5411123546082
1951.7110205669157
1861.3895618484516
2244.938858788357
2955.2819440026765
3732.782719702475
4631.041387393955
5626.581059729847
6763.771984229629
7843.898066554383
8873.006207638924
9732.280190040869
10541.735631610352
11200.404903673427
11835.69992993788
12631.878458187643
13350.61502360043
13940.317904922189
14256.56062241099
14523.30971708945
5028.246069365168
4583.988813841408
3961.1023481711345
3149.9176791801756
2485.144304828587
2379.1309547706605
2746.4118544827083
3278.3924485314633
3886.3428807402497
4650.149047159572
5458.460610003009
6416.833479944163
7412.612179894167
8466.271487689739
9348.284660853686
10150.449256494509
10796.592857820853
11371.731262424793
11796.411970647707
12430.33355429106
13123.967861291776
13698.65223999997
14044.092811856663
14283.53815626776
2762.6112529795523
3107.6692465635874
3590.8193055459024
4069.0816312292427
4697.853574814081
5394.9045538503
6238.684087753401
7119.67242289875
8072.484249334322
8975.75777646199
9794.295111728165
10448.200634082714
11017.115090158573
11409.759277605666
11689.505287038332
12100.281984605352
3297.7681994589334
3659.3711990080137
4058.8121421986475
4587.018129098138
5166.695786128368
5903.010794108999
6690.07382424908
7602.427833987939
8445.050961997376
9313.884623706192
10008.783161253918
10623.510676704103
11065.458104921257
11405.122629105867
11578.24495836655
11815.628098809095
3656.5824314265774
3931.3949764546887
4278.733021923972
4766.712078431312
5353.14466895672
6065.902730970458
6857.3407992050315
7728.852292172918
8551.877513810308
9353.923674020436
10025.474464516927
10589.594052814638
11003.419372264205
11302.212795414367
11468.685268093299
11627.666419892237
3867.372108030869
4100.12283717114
4431.079575072773
4897.52107348522
5479.300259609441
6179.009220231592
6962.709153935678
7806.940652868023
8608.387412231135
9366.986786864589
10014.40128138129
10549.383487990373
10944.668383409371
11224.243906059237
11391.29387050409
11518.700364762179
25312.618496861254
25655.86066230331
25648.93135629186
23292.604664286762
24183.432631041927
23085.0346903422
24701.724895501615
23614.804965021354
25020.954142283445
23667.965518973266
24603.910665513933
23619.00191649886
25073.772197326092
23629.518893553624
23415.400407339956
23339.551625729655
25063.062724992957
25671.382071831948
26054.518738050712
22949.999982112127
24428.30721632083
22771.737567739652
25082.865512494343
23293.994772607322
25397.069445701138
23373.219972253566
24837.772102755644
23333.790542527397
25419.210788657158
23392.272682323324
23324.856094359966
23285.05294615994
24428.501050603383
25438.006429451354
26638.596324497194
22398.970544716816
24849.85209207872
22275.02532072229
25727.492335765877
22734.55002528139
26010.77950801542
22862.218993683564
25225.57349437812
22868.476565976485
25961.91280685341
23026.56442450128
23279.201869809775
23243.832568324917
21573.116178814074
21847.486588573196
21571.792602923168
23352.967510704235
21542.672645195173
23086.32083130722
21855.813337058255
23946.42371062438
22097.525946441645
24015.050199571335
22096.50628764531
23755.560085713296
22447.139566401183
24945.78613725086
24057.420692344433
23165.719648032955
21089.922236967363
21169.94258613862
20978.34026164543
19691.07316192308
20509.287883890043
21303.955059605727
22239.42506912934
20566.68542727466
21716.729112372075
20598.34033264644
22235.214182444553
20942.610390406233
22501.1315884671
21168.995987351973
22292.512845377096
21320.435307490556
22775.85372821042
21569.668580475496
21824.29606614428
21521.91306986053
21990.655035431086
21448.259864624823
21328.731595633617
21303.120867384496
21012.721014392187
21291.213579177445
21395.732972180573
19191.319759974733
19809.157996075726
19169.91985123678
19424.548476680262
20568.422449348313
19609.597551556795
20534.25130293274
19795.2951980247
20981.01617498937
20026.44582578698
21231.773323542482
20279.645138338044
21355.876633511816
20655.95686957274
22064.352990608953
21706.85934948395
21007.269011301854
22317.409348021578
21290.829119907605
21261.515924275503
21279.74519869604
20546.81274991517
21217.824637849462
22095.730471297284
18678.679633136762
20160.314664999383
18455.095874288272
19524.76223823693
18681.54795092128
19459.577063105862
18784.244553835528
19512.695766024968
18936.44296072723
19737.415223079825
19245.654352518985
20139.069743803026
19658.643835903367
20648.50054831476
20085.04861947558
21496.015278750714
20475.88337144164
22887.962454076725
20977.53550161558
21228.485804297357
21311.37936004979
18449.90969931324
18447.41856566374
18150.49403308946
19372.002910323925
17876.81533195509
18697.842844113078
17791.388336176726
18503.238370676736
17909.327867752534
18567.52895073942
18066.689519434316
18730.46660219187
18325.149704235624
19058.134893015605
18709.554526584732
19529.319698561398
19144.15715769227
20116.608926326116
19677.67721525609
21084.555021893328
20417.357177440637
22643.164962130835
22029.470600029923
21584.348960833762
20061.14680387387
19938.495151953568
19582.946347147405
17921.087059302372
17972.548871269544
18169.60177726113
18830.789043683508
17216.70542078797
17937.308272177524
16974.670439607766
17595.63110445548
17015.268857923897
17637.77552824304
17198.34282414229
17804.354752742995
17443.07975069367
18089.531353133476
17785.256146898948
18510.417615020946
18218.889100776785
19025.49865002933
18720.633290981306
19779.3792538199
19403.26735671973
20834.283603101238
20103.55500930514
20500.09576788131
20746.20695989213
21769.06999165645
21661.913111072143
21647.10898120412
21662.722088456354
20227.759279333513
20276.2466527599
20154.593477468894
17691.92826718863
17710.99572898003
16603.157642153317
16517.298939338038
17237.543640485994
16228.783218135603
16778.77805863858
16120.510590304772
16694.964806372325
16267.229555189293
16869.917076165184
16525.403178150027
17142.952764619105
16856.606207917233
17518.05492231509
17278.487031048193
18014.408912083774
17780.596688251822
18628.97433475011
18411.89277893094
19522.121015439934
19244.920506703267
20752.231945094056
20759.188150279697
20683.848540003684
22277.83798764346
21617.041012236277
21629.988775424357
21682.738611386518
20128.065797374402
20476.20712389416
20963.89390338634
17331.4670317379
18146.96532648811
16206.644041424757
16702.4537934981
15644.61607269597
16007.360616312993
15291.824542773906
15766.165883638045
15289.333547362257
15859.519703124733
15512.851542380817
16159.037421146162
15859.371203931878
16520.776411292543
16276.656697292197
16988.126054001717
16796.268946887976
17578.29997538645
17434.776384847526
18330.962482787098
18235.9250751234
19350.179624341818
19245.7536057143
20790.148127415414
20362.05839932195
22890.120035238313
21392.940348988046
21642.0211442908
21799.83400717245
18057.353404023237
17832.598917538842
17455.484428750515
18274.352285716508
16363.98256981805
16547.04629170575
15305.18428234311
15481.388158113876
14649.040252390532
14929.874373530238
14368.075303498228
14809.001049731947
14425.3160888271
14993.977475948044
14720.73293119684
15377.263416854485
15147.47880525407
15855.844011773554
15701.135324522176
16478.438957582817
16394.84129196531
17249.929661959406
17229.053184556404
18190.567356180523
18224.96550815598
19424.681972496473
19460.598603687322
21087.4189498215
20888.477702109838
23333.916990452264
22956.932989082812
22715.252361392777
18238.801515163534
18401.34683559252
18679.370563881414
16501.99526217134
16655.389128613886
15198.258313845381
15188.142277440726
14200.213614682387
14295.214006732773
13609.582514520182
13877.956975902367
13388.48192126293
13836.134937897974
13518.187592781516
14119.479088727358
13907.668320040366
14596.062930055401
14486.966390834015
15261.522307170511
15247.256095485718
16099.168176326068
16162.77120371737
17061.769200127026
17175.572422758498
18204.374146536476
18370.254846022766
19703.150187328087
19823.174604677897
21572.66915891993
21043.433044601705
21368.454815252237
21566.374162861935
17036.626743761244
16826.02107932857
16489.952876453954
16991.17251594605
15302.57436422286
15188.79425955784
13946.81394207682
13871.343834199444
13042.587638675865
13113.643491305484
12511.897875450852
12767.614201837734
12346.100909183613
12821.814177707181
12590.890887609707
13249.76378351813
13148.964815803087
13933.066332677185
13956.474113826709
14842.124476028146
14976.668417736788
15913.118938575333
16081.148741604078
17035.292247888952
17254.262826719732
18394.41877026991
18686.449261192276
20221.317637774173
20288.855896095694
22302.31133162985
22100.819676716637
21985.2570113834
17415.08058581799
17604.455508687588
17934.018786186527
15613.592406892576
15671.707046590465
13974.117210358998
13648.988917110324
12653.532385585902
12553.829881685986
11830.776706196217
11904.81125971063
11331.949691361917
11603.063075063164
11266.541810933264
11834.819515338442
11691.187117235944
12488.276551832614
12537.513217106416
13436.321201815417
13643.460889301216
14635.75842702171
14905.749336010578
15844.822555372946
16122.832973415098
17129.156727403213
17452.514214678817
18966.89925132762
19253.703225125664
21179.410884338307
20668.528889227793
21004.812452240214
21202.925073916365
16110.256698273417
15902.658967567304
15552.48112112022
16076.968947822996
14164.362422798691
13898.6411375735
12459.536107165026
12216.276762719603
11353.10655857192
11231.059026360428
10549.324697382224
10595.611338837123
10085.306705321334
10419.338634971855
10197.372183475987
10871.141067901184
10923.330767102332
11892.18666652895
12141.506539896514
13186.41389614198
13559.150886485111
14614.728515958937
14951.947643522679
15929.35108470575
16286.632688403926
17402.67404232177
17913.32286771214
19678.06302824649
19807.00807036381
22026.578826713394
21756.433899147698
21600.898558072364
16095.127682556813
16251.03710530646
16519.028413575666
14364.82445471923
14247.209434069171
12566.343423754168
12105.022938400321
11080.252766370771
10803.776429973177
9986.167031405765
9845.846266472516
9146.98079320052
9222.11068728653
8830.639949491275
9298.33146853144
9258.472661599564
10155.984373576448
10492.600077470011
11577.698008704796
12058.873893493655
13175.209944155165
13667.267938162182
14691.312823595712
15127.293335466675
16157.241884082861
16601.59175886582
18067.60770801143
18518.94059955921
20324.32944493206
19991.46608813905
20312.10813745382
20505.22954644567
14648.084737565348
14476.981588008994
14191.234591624496
14524.971643698245
12801.166496638329
12404.837532307954
11027.294763978321
10622.851651664341
9662.621529714022
9324.464190216555
8493.490235283429
8306.458774646773
7694.889650081057
7888.812551232846
7698.922194083154
8403.83296126214
8723.08837917287
9872.028605625665
10431.098018704088
11611.492682681179
12218.19274390759
13367.132206608163
13901.221309386345
14948.440511878634
15451.856774558903
16582.518380979993
17176.219997112865
18777.13085969468
19039.22492068376
20874.432441579767
20670.3918878453
20562.450790263734
14328.85347370402
14382.253117679502
14491.177963391503
12940.635991352248
12605.079069443309
11223.699767626329
10697.838087666021
9579.650394144737
9091.915456143359
8117.142952909937
7704.310525564059
6875.121220448647
6758.799653771076
6378.885807577889
6797.468217771288
7020.189788204847
8051.122408339061
8701.382789998861
9931.23360137679
10650.534632318513
11861.19719370415
12545.777461173513
13667.655639861634
14267.384037509846
15370.128893024656
15951.484801502998
17217.50547696643
17769.54307925536
19172.426278068597
19120.455947648326
19371.39373776059
19535.586544482616
13320.460714290552
13167.852912644754
12927.767111855086
12992.793845633272
11574.844383830814
11018.884728597664
9723.982720622169
9110.7834257151
7988.624748955556
7413.1340500713695
6409.090943764478
5984.368693336999
5332.9859776106905
5473.169793323223
5512.431458617288
6376.020815544592
7016.5035120118355
8237.976580541432
9025.625149311256
10282.250795652806
11060.705174553526
12275.67334084237
12982.91545124592
14118.944632747221
14770.677598669588
15960.226677575109
16592.6784308774
17926.944192242954
18326.29743971635
19688.249924645057
19610.251199239876
19578.709118303832
13261.950776327394
13318.08177632136
13431.369876927809
11949.69197266358
11508.808157905287
10084.872119596243
9367.057763528157
8093.497478284006
7371.2491690363895
6222.114766748543
5569.077829727459
4629.864361655476
4393.429053676369
4189.141042537854
4843.727381533131
5445.222031505103
6602.830668150533
7444.3269049486335
8694.713127288236
9550.452823881371
10782.109922642045
11599.65359504816
12784.808072741911
13528.616201619661
14698.946806014477
15395.694034031818
16658.190206302075
17270.70452614416
18579.423209229004
18580.704614879836
18808.82626490771
18955.781377331485
12348.799093652926
12192.539467781897
11976.9666484658
12170.347039137503
10525.20679605904
9885.396191062513
8397.672177069839
7593.232632468281
6291.499540547611
5459.953962651328
4296.387963187629
3685.9222062808244
3102.1570817604575
3461.561603751491
4007.0675938545405
5102.507178792905
5970.8358927915115
7218.502011621373
8119.208374109914
9346.431870814176
10211.450233851341
11415.040896071241
12239.099313242483
13424.041807043552
14177.884616954927
15367.98682167853
16027.874048163703
17443.135196201194
17793.94318594756
19338.555701239424
19269.960828808806
19234.32079423951
12130.99100212528
12036.91134288156
11928.4187981917
11720.615323992395
10247.920737103632
9002.67532851556
7926.709739642628
6599.681253151587
5689.838259411452
4313.470015509501
3386.1295697766336
2350.321538153063
2255.863345505189
2672.2405116592504
3742.603139573308
4658.5890693295205
5877.207711119007
6832.092446559082
8043.074963159024
8945.927252590105
10112.545495332673
10960.233497576693
12150.944290395368
12971.373941588803
14145.782142832995
14723.509193230542
15595.149779075999
17042.837156635323
17787.549102531306
18970.788987292155
19089.841481489577
19132.77462792991
11977.918750073732
11863.770075023767
11676.326163390262
10905.194624335507
9012.852151885016
7504.444604686968
6756.501747152719
6091.82379364381
4673.715605748292
3595.7740619118
2112.420875457075
1387.6502945193731
1328.506598332914
2515.1259665605708
3478.9910150819896
4722.464338811467
5714.818806327856
6932.4541756849685
7866.861516722454
9018.734891631126
9863.777281742956
10977.381721532764
11802.288828744167
12988.6502450696
13707.83325811686
14750.601366203427
15119.814501646113
16314.125870242995
17499.409576119742
18618.845326493636
18863.8002681444
18979.223956965343
7351.656286506038
6575.1301729728875
6348.890605514184
5102.539082499053
4110.038031865752
2586.6805949491645
1469.969951030835
2.3000385702488845e-11
1408.0951227478597
2422.972189215143
3704.4414452556584
4726.782042612439
5962.460999891274
6944.649479558531
8105.886850115182
8972.97549116926
10032.295270568378
10808.055460631434
11886.524121245513
12668.375735721664
13722.232118439302
14129.271526350582
14449.33690682033
15163.441654991744
5977.452841617084
5531.922530815388
5196.604127552017
4712.422941728112
3282.644951814442
2321.8423404450523
1231.5403291006585
1363.38502535586
1974.1214659469952
3081.5918863801353
3961.9555123052155
5150.331597458732
6157.121938113585
7350.92472099741
8271.364582413233
9310.721214529045
10064.220288855584
10990.491648990906
11659.043101009125
12726.869214444947
13297.125474194805
14231.229709873465
14309.60390136395
14554.072441446408
5529.208391309386
5273.506355168967
5010.707299204417
4359.941553267798
3063.007989004588
2178.9176290897262
2065.857561282616
2336.2513603644147
3110.632361245216
3788.0468510496025
4737.1747304575
5626.65071263009
6795.165834196609
7769.14060989673
8803.56758283429
9549.112930434141
10395.210736015062
10915.13251005544
11520.739511898955
12567.03479746006
13281.16084381149
14032.859942221603
14176.11927413086
14319.604853348606
5286.4829922791805
5053.438793077094
4689.989663632092
3834.388869590455
2807.9755557858152
2712.9570940008516
2864.483444913623
3449.6507550522774
3965.92686335447
4752.33538811122
5492.999620294105
6481.124538543025
7380.349440754754
8450.33762514387
9201.509080616097
10011.193882182459
10571.15078674938
11152.5001045707
11450.758894075247
12329.22897575047
13194.312269068269
13871.262960026905
14071.298556635767
14197.848944263022
3246.587898642771
3575.436271396608
3770.5733744051804
4166.413400356806
4798.374268772737
5418.304371715884
6277.098528299259
7107.785267802738
8033.254456870361
8891.713848110381
9646.836438890588
10245.140182283158
10793.719157247084
11103.754594864813
11281.868004082167
11779.73742309119
3797.1504944485664
3984.2843625171413
4090.965965478579
4659.378959935807
5169.765578875059
5884.684394820765
6634.471559533894
7510.821964539825
8320.17463166447
9141.82638531966
9789.846160479967
10353.624214687714
10778.150083140257
11043.214365814985
11134.62453819333
11346.988727055848
3944.689278113127
4078.0317342287326
4207.005837619456
4730.105921126975
5278.741010677892
5966.703632486742
6739.775409137745
7603.699873268189
8426.212781154883
9228.151600120294
9871.63473294415
10399.739550141081
10806.02252336907
11031.830413922711
11100.033412885185
11226.780606978047
4031.9653377436375
4146.938150862506
4299.962644180948
4793.881225867818
5352.926126659061
6037.010180321756
6813.9436217841985
7678.528489282205
8499.578845570502
9292.641950022018
9922.848172895165
10432.79279114534
10810.995770549875
11019.326227661439
11081.130220585566
11168.327489155588
