9478.40383505726
9536.090105050052
9553.84466903282
9397.829701325341
9256.41145727185
9036.25863763107
8841.444769443238
8584.440956584343
8383.356916370658
8166.032543070538
8035.513624785838
7893.952461441499
7815.999421550244
7652.348536328638
7480.717777065104
7333.439124165097
9428.033639925266
9536.469863261693
9636.36895062665
9417.937417303867
9304.083303633355
9041.526254273858
8878.611574990415
8580.404576776156
8408.92571596438
8149.07503209896
8048.250583448594
7871.794566847306
7835.560821319968
7616.898600610464
7400.477734313306
7202.622100265238
9295.14035742239
9478.533559998765
9808.952697132054
9412.013756441875
9402.719230342998
9016.499001459437
8966.55795016089
8543.799328783594
8484.300055918413
8097.047115447488
8099.912574907902
7812.475402392194
7907.176572493961
7549.837877234712
7248.025588367371
6949.72148245875
9012.900814368937
9101.06989919255
9212.663436704495
9222.804894137891
8934.762563900515
8810.192169727005
8478.353768332528
8315.38728538999
7972.3940986657935
7851.277547224021
7587.783526024626
7551.073665336712
7345.782307757467
7339.001931987265
6885.97461572126
6468.1497497102855
9421.57612365935
9363.896269927478
9241.759326304313
8998.221903035617
8860.371109513342
8844.111095742252
8972.508068173827
8742.591952786182
8618.316910179603
8311.87663579763
8121.290900974112
7772.254183364201
7588.840116041474
7293.540838382489
7186.6491778055515
6971.100068407662
6910.524024793911
6645.466131323265
6298.153044623491
5883.747586226707
5512.960499919054
5269.558072639233
5133.198603033695
5053.371389626009
9484.673281386766
9453.162444336622
9389.529999378667
9072.027871483273
8838.215209821588
8619.120154925065
8546.799273552737
8451.412571230736
8165.745757478022
7961.815779160382
7618.751376466221
7382.002307177677
7056.908446115768
6878.436302511535
6633.798848307671
6525.075336578761
6308.875461042136
6202.031062165992
5830.7371292439775
5501.944561119273
5346.611341532208
5184.773510782507
5070.330784619525
4993.136404311094
9551.632373938362
9540.063795120526
9645.309183779562
9168.313069781781
8953.716288509
8551.82095376251
8382.305122446354
8086.018608768331
7867.738414494206
7534.549836691391
7271.7255675165015
6925.397645847279
6683.984439440664
6388.052325487476
6213.6859543591545
5976.165253530068
5844.741754009245
5616.042034918023
5490.385427125559
5255.420126192262
5319.616724977974
5129.300907551717
4993.763243611709
4914.477726427322
9612.484256180955
9454.576460309621
9369.537363908554
9180.483333888644
8759.52675622737
8473.816354405177
8111.513228806803
7858.407786266153
7515.3072030303465
7238.4588832751715
6879.336509746176
6595.159608511009
6254.963831436822
6008.233004917119
5717.893616248491
5529.906480334714
5289.480900454796
5159.990454978023
4970.194124146018
4950.898102480271
4886.778174498667
5032.09459264035
4861.686702207068
4837.352230596239
11092.795203186823
10990.07280769521
10770.883400461238
10313.050482936238
9842.040776699245
9515.575368929847
9397.456144076436
8995.89521845729
8681.537119361621
8257.582533120114
7948.647979216333
7572.959500695333
7270.510146725887
6894.166874518764
6578.481781022241
6202.104193284871
5898.443407576292
5550.722969375033
5290.358958693954
4999.3678930254
4813.47801678746
4599.447538566872
4525.960208923192
4444.056900332113
4572.685136728884
4614.191905336814
4664.392457772148
4852.8141468311205
5214.741647541757
5526.9809246614695
5691.843841123438
5778.919444503746
11204.746231738416
11154.284610980452
11028.935431898784
10564.520002654344
10094.210578871203
9596.135897333561
9267.828023272405
8960.049650142691
8509.695310339412
8150.479369586219
7726.410164223592
7385.870429195023
6978.853665559856
6631.920826238323
6220.198629459833
5868.521229905086
5465.721178834845
5138.714410461164
4777.651931194564
4519.989947577202
4249.521153116666
4110.610322328157
3983.570904355253
4056.752601072023
4169.371005269263
4468.502811062558
4644.841459832075
4979.797306143854
5433.947042627716
5704.120558974068
5815.483697608733
5874.416424436758
11313.016290500855
11328.129584519445
11391.201445600422
10793.504245928018
10384.319061569564
9758.72476306194
9345.88651216343
8851.747169572454
8454.950404779542
7990.498010266752
7602.944621472477
7153.736419099362
6766.135732537948
6315.553039790952
5917.576882741193
5459.661294322408
5066.076795142584
4635.026693464342
4293.407319689977
3948.385293462162
3733.2299127799315
3546.354324573997
3545.4755242004494
3628.128512772349
3934.7725798338047
4247.210111293745
4727.612843953268
5124.898088209491
5723.3878072404195
5905.74499557586
5961.390386620301
5992.772720762913
11325.07353343987
11294.39461714925
11225.929870868778
10942.439018948455
10350.737120490221
9854.633098827502
9286.394685845238
8840.322569764772
8342.151080061642
7921.220554601166
7436.905749161582
7005.447767105831
6510.826921337446
6066.028490973771
5556.694276235988
5098.411533043949
4592.324811505851
4163.891019206491
3725.1217006408015
3415.366413724394
3146.959160087525
3060.64302121198
3082.271028651844
3342.260155271112
3666.9085766879425
4146.785963460389
4604.818514676369
5208.118930537425
5661.767442510165
6144.313607701591
6111.929759318583
6110.5648419124955
11387.121722472444
11373.906828291947
11375.155702983964
10887.599656108085
10416.07168642976
9794.673647644251
9293.763185996399
8755.948138744752
8308.296917142534
7808.834854100466
7353.940456205711
6826.6601392373805
6339.2620704970805
5785.020781197478
5271.32207178277
4696.662872181384
4183.898669330547
3643.3801652324582
3213.9815966470146
2830.7498790209593
2633.6722129199557
2556.971093302951
2758.1048580744723
3064.9539613060056
3521.950182108782
3980.220948302369
4578.682473697116
5123.3228814904305
5745.577339053754
6052.003266320346
6132.7563335453515
6173.09060172856
11437.344429496276
11391.60110471252
11301.801988358155
10986.373394057458
10366.689449262753
9817.870502856158
9220.090279795342
8741.543984985577
8227.319199069709
7770.43177882317
7241.463506740004
6734.763680353446
6152.68861104349
5601.093897977808
4975.320254812094
4389.111954187678
3756.2133316025374
3210.7021934253003
2684.9740068052943
2346.3883811315513
2137.4097049017973
2238.925624707846
2507.0717426228034
2933.4659971378355
3375.4402066993407
3934.970981561881
4491.056798015767
5182.383331151877
5729.823240233993
6249.15204944787
6274.666909448994
6302.899259759767
11552.933646461597
11528.430470664529
11508.000913374028
10994.748178438434
10451.08650189331
9765.271000193987
9225.08478821097
8681.276924923735
8217.295212369172
7701.883413630501
7206.931725410786
6626.359645348756
6063.906209408637
5421.846578181444
4797.736201527193
4094.3456800514928
3448.7828557876983
2789.6349114620866
2284.9152709071095
1915.5487438944333
1889.1147881558888
2084.5254102681724
2467.5827198222582
2873.183911208839
3388.45627075993
3898.8764663242487
4556.236608031917
5201.932124498283
5916.867390000482
6291.998943754109
6401.839484943371
6459.5064620065405
11653.97216098207
11606.133267297688
11508.525052034496
11153.120112423081
10459.70213191356
9833.66099887615
9199.990041838968
8705.849723684902
8184.505182036241
7708.421706865774
7155.479026298372
6606.576726357219
5975.218380725013
5359.010507958944
4649.504309596902
3958.4813379031175
3211.8441603119954
2568.2297776824144
2015.8493950047796
1813.8770267930931
1918.3146867838877
2231.288583137279
2577.6531852467247
3028.295806407846
3485.66211387669
4054.7850336617657
4654.528187737381
5431.7595764528405
6067.982807230694
6630.8965113645045
6673.977005713911
6710.509920566984
11780.692089825883
11756.10724343841
11727.564613537364
11204.903463863302
10608.662587983606
9866.96872622155
9283.389068297116
8718.248050838807
8233.339657148885
7703.825814238375
7187.390357236491
6584.847789275818
5993.924308781511
5322.865369996509
4660.753953769238
3915.70665821457
3224.078479633591
2555.8359289406085
2172.8498457317337
2077.800727603065
2272.502410953036
2541.9062198857373
2914.2447369381944
3293.2347821859453
3774.2789309424697
4283.301859799302
4961.735597591924
5658.029164915303
6411.830386285585
6811.524936815896
6921.565684048037
6975.861813153292
11848.161827083086
11806.88345272705
11716.641496013135
11364.880554595375
10675.737761766834
10022.751041657355
9354.621201715689
8822.63019712161
8276.28105519937
7779.287411615971
7217.605462917434
6661.915828532086
6034.8819423902405
5428.253906197053
4749.67583922489
4103.4221939110075
3435.646090350481
2936.51345852301
2618.4291492730686
2600.9702946227526
2737.309522054973
3021.7721357925443
3323.8104251668815
3716.7922283128228
4132.189414419592
4680.6665716412945
5290.288871600337
6061.704198653117
6687.576533724762
7212.472509137116
7250.705421860583
7276.636771760049
11902.444591782529
11884.273023035019
11858.719393876232
11397.590469428027
10839.852026551354
10126.978599970455
9518.104883558035
8913.193577541471
8395.587566874177
7849.762570511024
7331.63910611008
6750.604678202614
6191.970330674479
5579.916667478455
5007.865834878633
4409.333727650687
3910.4071655304297
3480.4145145134307
3253.4018892157583
3190.2263670829275
3329.2040769359915
3532.730239437909
3838.75214994627
4167.065140940557
4606.395345863925
5088.7747575148305
5737.748673686793
6380.808193186363
7048.972500551921
7396.6116734304815
7478.809211725614
7512.981864409152
11896.775330945142
11869.76686770119
11806.485679435422
11516.89822686951
10909.907413265786
10302.681202928312
9636.36903389148
9076.375801034064
8505.237514371574
7998.78324079236
7452.85752370325
6937.943023840894
6380.567086598041
5867.950992023029
5334.671186254768
4882.37100264868
4447.082924602431
4134.181610640007
3907.266568423554
3871.5921692599454
3931.8793148287205
4126.489899842149
4354.781046974149
4692.535171860337
5064.5732292713665
5573.000555335584
6115.516515048378
6779.759741997692
7297.109071833934
7718.604464788982
7723.841311813036
7724.257959413326
11883.574454115193
11880.589438040159
11886.403996648605
11518.1113358657
11044.592965674272
10398.614561615825
9819.38687146252
9212.690069288135
8691.1327142156
8151.136493643638
7665.64731010623
7150.161049727534
6684.535008630409
6201.9966306541255
5788.778974195376
5380.77317355222
5057.343376594346
4769.698726253026
4609.549290447594
4530.940666134659
4593.7035844398515
4708.264529283166
4935.657177486379
5198.138382343018
5583.67323504857
5997.754804892707
6544.4327849653555
7066.220378829519
7587.823397942402
7826.704072517793
7850.754122943012
7850.35022014422
11806.883822597953
11780.202364228908
11729.810887226948
11545.10179922159
11023.5911434038
10531.318121812235
9945.425513739696
9430.08499615662
8877.110229726452
8397.121070776846
7901.879705720849
7468.961639764179
7023.871644350272
6640.3190108427
6257.053671865475
5944.080742900665
5645.675742720173
5436.871445835554
5270.37193430284
5224.337614621748
5232.298031730539
5350.719981511987
5502.134283350732
5774.251679753564
6071.081552644883
6476.189339899522
6843.962850094465
7364.714215385023
7698.266488605318
8010.60790405299
7965.007390301282
7938.970399704544
11722.858563688582
11676.664800499984
11587.685525969351
11356.356360073909
10927.246837218465
10491.08578688252
10132.13989168335
9638.167923470462
9173.058960682201
8667.87464722791
8246.380257755389
7820.723132554368
7458.003215041059
7088.978702593263
6781.017668533142
6480.628348799059
6254.491911230762
6056.280307467044
5945.9877378205
5880.520382144111
5914.680567980063
5980.305399070117
6150.1188785543145
6351.034562040061
6658.1317324947195
6897.849147036668
7111.823151949942
7449.553810457786
7713.2044589142015
7917.929855952135
7942.691680424309
7943.19009057144
11657.68590571792
11594.936907896103
11473.89712786335
11219.5349651987
10843.151602490963
10509.270659553893
10278.99487284817
9964.558130354977
9485.749192933807
9065.117573163066
8631.71873094185
8281.429025730855
7919.0290540569895
7611.952753007648
7301.812065277885
7057.307543593019
6834.438492944883
6697.622728314189
6591.232632140575
6574.765584347542
6581.605841800712
6679.471984091537
6796.013075378682
7034.027245419106
7245.222227224006
7490.097523189746
7529.858058957028
7685.724318167008
7808.533375837907
7913.200847350669
7935.571954171977
7940.862734540263
10750.325843012253
10586.133758993044
10524.846135853124
10235.35158591387
9891.858147989713
9467.269591855797
9133.447640556165
8780.476044983909
8484.041540707485
8165.480356910543
7900.673048100741
7643.905242854835
7473.97553862392
7339.510254360799
7296.297545952739
7269.700247200342
7320.800065437155
7368.746365425834
7505.925630044803
7652.688167140945
7863.341728763953
7937.088261742026
7903.142977951859
7937.602026241944
10668.178180857249
10590.631864324248
10558.416260825355
10475.214059135558
10167.053006833472
9929.860290036424
9646.438045535075
9399.08456639183
9097.750750795094
8839.37311691012
8549.225190498428
8337.321009661864
8152.675570391746
8077.644627080308
8031.542014746803
8062.090417345533
8073.438563981983
8134.815875914562
8122.141295533358
8250.787408868006
8279.418259813106
8336.697964255309
8208.766003110022
8159.216274869365
10623.001640608918
10585.034573438725
10564.164357424384
10517.0933875565
10386.510936748831
10292.708471479458
10243.886988463728
10038.062133573263
9839.516122697612
9580.666618546344
9366.439539860283
9133.45949258329
9006.870863239043
8898.790700526728
8899.419797385488
8886.218398635281
8927.863356336204
8882.712689302318
8745.186413698813
8662.384334309185
8543.665633515093
8460.949945829649
8343.448361845256
8279.44856400564
10615.809803588134
10607.849681019274
10629.068101267661
10679.349749373892
10729.43902447863
10747.510027396964
10780.143302510663
10733.959422259244
10561.152380104384
10423.545483380203
10230.637062976562
10102.440955957056
9934.595231436291
9866.134386810221
9775.165492860237
9780.278275870833
9741.74789961756
9717.218837458098
9508.636328410794
9290.980626710136
8945.277227517203
8670.676692721343
8478.926333121739
8380.34026039955
11089.360988238028
11158.737629769304
11271.230927460396
11259.870691529813
11218.46541228871
11118.86447034467
11056.665783309008
10934.224270359817
10832.85887174335
10687.336542299645
10588.227697053302
10495.490306004553
10440.018053735188
10310.26041152545
10114.438896749443
9922.699485372019
11304.788187362416
11371.154809340183
11470.071254369224
11569.320602764223
11559.530742215446
11579.027140720938
11525.657152845279
11493.794832725098
11354.272480356178
11242.833880000897
11060.886246772474
10963.631243006113
10815.606481632029
10684.410504530673
10493.201397874005
10336.692297038302
11399.827154947387
11453.029168326691
11531.514650952302
11617.363889705359
11650.355214170395
11682.904905587124
11669.605060458152
11636.933471538521
11523.566333561306
11393.330073564746
11218.285638787205
11082.958082077013
10927.1533616043
10781.490833861508
10629.008763877102
10514.962038995345
11450.559095625198
11498.142204641135
11569.296516858207
11648.773557438162
11700.409601730515
11743.370352916056
11749.483643226307
11720.911095471542
11620.40017034881
11484.172601302544
11311.453398542579
11156.776966800062
10995.381105213342
10845.687225307394
10707.433275705813
10610.036214094998
11683.214464948212
11840.647014970658
11795.034368141194
10317.58585099605
10666.5811050849
9840.216233541001
10527.18339454258
9613.113589718223
10124.26739852461
9069.6555476861
9379.7813935497
8637.257664061906
9322.733769461975
8389.976192951197
8231.556758242768
8153.021247032195
11568.68767142274
11866.530625443007
12047.830908453536
10133.55205455478
10815.089830359912
9664.228535826354
10748.1155915634
9429.777538291524
10341.777235479261
8900.770198034503
9511.394502905541
8468.162360221053
9509.251983947102
8237.964478644668
8165.364074433209
8096.5640805675985
11257.929279303164
11757.217980610703
12406.423925013782
9830.988465476921
11065.93011440256
9382.291761998456
11119.740166401167
9109.407912010985
10696.146749314432
8608.891305409825
9731.805288694077
8195.528104622786
9807.498129090005
8010.012517879696
8117.935177476332
8025.455988246145
9846.48154931015
9810.71786812361
9589.233973060665
10445.851081869792
9217.915900031629
9879.907198135461
8916.646125369207
9808.934736469679
8447.37164508075
9250.05558137092
7911.9193023010575
8655.389100136943
7737.845262742273
9018.696771764275
8458.767281830476
7786.893187747238
11072.686829026472
11047.481266284098
10819.161345720247
9728.442270867887
9657.748043296317
9711.587686031233
10107.044779324951
8957.528373105337
9387.92993804882
8508.494229733069
9158.547364839944
8107.853704734863
8672.542465611668
7608.832615126146
7982.601279199276
7207.46505575157
7834.466122592817
6980.296388543759
7010.811384719137
6525.8161387447035
6426.223852206152
5923.610842695113
5805.273669418984
5764.467565877275
11099.42560201325
11183.55639998114
11164.691684954416
9654.105235673225
9625.751461944323
8814.115103485707
8680.433829805737
9086.01266598794
8279.641230511628
8529.337671553756
7806.434394807014
8145.683452094867
7268.79232176087
7626.505155443987
6797.556770153593
7154.469593719835
6526.06487605128
7117.57367145276
6695.133537476468
5979.387837520246
6492.581437689388
5787.985524182402
5742.151043278647
5728.684808358274
10963.1710407418
11219.452694909916
11639.485192415495
9449.31377185319
9978.611175702335
8667.004197259235
8943.77637811742
8163.965853335199
8300.487101526021
7601.861796064828
7682.265412323214
7008.120997285885
7110.562696006506
6489.390881172763
6676.4333352158865
6111.775689736402
6405.88731281249
5835.467308410015
6386.924450539743
5578.241112602886
6771.41771976926
5579.635500465269
5697.618889085925
5716.003855363973
10159.34550716475
9892.099621249325
9621.220227239051
10065.117345283334
8903.062402579419
9026.113256781602
8168.129922059769
8234.332745163245
7553.5082944760825
7572.328768506067
6922.965374991617
6925.1944921016775
6318.41505083683
6364.150846320744
5812.4272477328495
5949.6536748348635
5428.809954678138
5706.559699010274
5205.875610839487
5792.986998056673
5269.0828877502
6457.13458887619
6095.050723524702
5846.458121157065
12625.4748939676
12516.879333555327
12244.157294096663
10998.084818251282
10485.042118032943
10118.475085468912
10303.842457101186
9117.455564805336
9206.761799410513
8304.99688457469
8294.536268547765
7593.935803119233
7565.418799051875
6921.832982706375
6861.768779192436
6246.057837923175
6200.068605227161
5619.619965619088
5637.9431894863765
5105.335906952092
5229.6965536029
4756.83904097155
5105.673401734935
4695.042882133879
5404.809270001179
4959.152186867516
5202.495733664693
5460.450240773799
6257.939382453606
6346.398713525267
6376.2275218430805
6407.272188871154
12772.493564760234
12774.664421407437
12668.80824490745
11088.738500661644
10779.98566010766
9699.790181110284
9314.726579877073
9440.72562814376
8539.222381892934
8493.652696919584
7731.079798203237
7658.742944721433
6993.4420424396385
6901.232162026801
6255.131237405788
6150.030418863381
5526.507409667594
5448.466322179786
4870.2768056534305
4881.054831842783
4377.298543524177
4545.1357596960015
4164.768347899259
4640.3114987917725
4428.449906580536
5317.321199048457
5416.17846163193
5563.147272388675
6642.820464252003
6371.9953232871485
6402.050951037995
6448.328507593251
12775.942624897836
12943.499139063317
13185.813011906414
10960.64841036922
11184.630594389575
9784.428842435695
9755.73437820894
8851.028637895462
8740.713217390161
7977.608873674306
7855.1188203529055
7153.72123850574
7024.114419118952
6345.128971816053
6214.368795582382
5526.751659999326
5385.218509493672
4729.313288019001
4639.781569605522
4069.3672548374902
4115.233157488115
3697.58504995961
3982.3121374221096
3817.8073254660344
4472.361291266234
4491.591790888897
5515.42684451248
5434.571247525212
7030.323649417266
6274.437452189649
6441.041698375676
6551.6857240006675
11771.907660745526
11619.967781675954
11376.692172073248
11703.256790919411
10401.564624494105
10248.132590989337
9263.833321090708
9087.609074091844
8306.069484319592
8131.753752014324
7417.663969011321
7231.849434508057
6523.016790012383
6328.149866687565
5614.532562822923
5411.478187546137
4685.070996355734
4504.131406936998
3846.462829075997
3780.5310062539816
3291.079716766615
3453.1016612238554
3248.071956250099
3770.8259951660766
3851.9258795627
4665.047126653179
4838.976495298394
5954.483982349836
6007.965972601535
7499.696477619862
7306.654038585933
7187.821468142711
12109.126902092747
12180.200678550309
12313.418341428749
10948.281038359168
10833.045780149678
9763.587442411299
9520.007685372191
8697.059528748143
8478.742421274783
7764.710522973916
7547.305292145503
6818.296453854271
6573.004918648301
5822.794743938542
5561.619446689492
4784.8224154040945
4511.653937219333
3770.1440554180717
3574.8443791790082
2983.126983404763
3009.6500889853305
2724.4575060764705
3137.0349278687654
3230.2048879631025
3930.3068470528533
4155.731440029018
5099.209905843933
5357.774988750958
6538.158943812062
6348.4262888546855
6559.515546937619
6690.843017323805
11707.65304377481
11568.38123034035
11353.13510544449
11514.414906263588
10356.404450624028
10076.150176178226
9147.100106986316
8886.799842494354
8156.134208983695
7912.678454490009
7207.203594929869
6928.054475792702
6165.997485905092
5854.280917305713
5049.808469317197
4710.818996765875
3882.1156801422476
3573.0402304360223
2846.396524783448
2727.28457487911
2313.7187982027335
2617.7860516788037
2671.499647770597
3293.3810821475226
3526.6881684684936
4338.393653420379
4671.136409120499
5763.816035385281
5997.176143018952
7265.798926043188
7177.085117453778
7133.43103521143
12289.746705810167
12377.216251499609
12540.892510527183
11101.196320950616
10931.052303276161
9736.55645172465
9361.344444592676
8584.700643727538
8315.00157186381
7631.850254092438
7357.430718572442
6609.469350548079
6271.862982134159
5467.62958872067
5103.230735564349
4214.2063339932065
3825.6290086819977
2962.356940857604
2671.9296542012353
2107.3231291104903
2276.763563242965
2264.116228520172
2803.202968961088
3016.081924880727
3719.03584718227
4032.732387941837
5088.198376315141
5468.410714755714
6782.464849399611
6622.950789241085
6844.89175600553
6979.8099680783025
11981.349788111436
11841.820001407277
11613.178127212926
11791.422615198722
10494.815716273924
10120.585235388606
9089.115578036124
8781.595610887354
8082.694591608782
7795.78888723995
7104.61005753471
6766.737422989563
5981.895294473007
5594.93296035318
4738.2265658523975
4297.249006310974
3370.6262768596193
2964.7863150997446
2208.4719785372504
2201.3815841574597
2102.832224056361
2582.616290136809
2721.56664509254
3328.916828925766
3605.8440580379615
4384.8067576752155
4839.393458252328
6091.627698188758
6391.847675556442
7787.082823763749
7666.3303176203735
7603.969895442039
12439.782308552592
12503.625663596069
12624.898362721735
11283.147745654289
11006.052535347251
9804.453771801842
9354.795464542716
8590.039097607838
8279.294505717397
7609.064497872617
7298.328806098329
6551.851226964701
6170.783244096274
5360.682967253106
4940.762257869313
4035.429315641163
3581.915330804358
2733.541017647638
2534.2909496161906
2256.5385332123515
2607.048699733546
2689.2018952897065
3193.82639680123
3403.351691707631
4046.599552146644
4383.312515512984
5410.223235242675
5888.428852783708
7145.957128977198
7081.902382019526
7304.420889908319
7442.072987850423
12055.577059681962
11935.229614405453
11737.273650351868
11829.116345544455
10648.222035916673
10206.708215022547
9204.960379697397
8842.514807592055
8143.3688293553205
7819.948601279724
7141.453953772959
6779.710074343625
6020.375415256098
5621.787242774196
4816.2119340433455
4390.193497792392
3570.6217898053073
3276.0613248034156
2773.3954838080535
2915.5323601843747
2876.39743675662
3303.2202782755253
3425.797086013727
3956.5460669714585
4211.280696727076
4941.147578818499
5424.2130417684575
6571.111307321345
6923.358107219783
8079.676632184337
7999.25392462583
7964.694053121158
12232.25241441111
12244.133410692542
12280.740450695817
11319.243030942653
10971.685077085443
9979.625587413197
9529.592016468758
8750.145951928556
8393.573087544144
7721.706589847459
7379.949594304323
6680.6765653650045
6306.796261688764
5576.971468255585
5194.30105560671
4475.0509305544265
4161.7187682044
3594.5519598656792
3524.1934129239835
3308.595846135912
3584.398910433127
3629.3079745592854
4058.656199936125
4233.8673775439
4818.043425780303
5145.75729605355
6009.434396840223
6478.844726081815
7454.877703533896
7498.1339133110805
7677.00669537051
7792.74061971241
11931.95703375881
11838.081883252074
11683.859648709866
11692.99815954009
10765.53639240096
10324.37679183582
9449.17936397545
9043.658890481198
8332.299766372938
7984.77642447291
7329.625098317335
6983.156530843518
6319.534112029572
5978.477579372497
5335.820541961274
5052.3014486981665
4502.438096228643
4348.24428542778
3989.5929786363245
4093.6700011674093
4009.8565524743562
4332.8847877209955
4409.5499001991175
4875.0241855933555
5099.985821894164
5769.073399872161
6158.542837002412
7053.5615481784325
7385.318171624648
8203.667113616628
8176.257322714516
8169.555558711222
12114.516745667832
12153.140099136344
12223.171726754845
11398.060909749805
11103.092413115162
10207.697138132125
9769.09609692185
9000.892967309326
8624.649973282103
7970.884924683469
7640.542432386854
7026.835649256528
6718.379040029155
6140.899876523891
5879.570625223494
5374.33538566112
5199.314083822877
4803.5652237968125
4774.128695098503
4577.368527762319
4760.0676704364
4746.075203563434
5088.203863307106
5217.935071105401
5735.8211377403395
6012.588642205247
6734.896461150332
7107.042045532166
7892.412481596809
7867.2951862733225
8003.248825144291
8082.3826409935955
11727.95767885351
11653.131646282423
11543.588642830435
11737.878306646826
10828.716821657788
10512.454429488162
9710.300572985125
9329.88731501411
8643.22350060103
8305.48916336886
7715.686303823688
7428.653358683784
6900.492518944362
6657.298775518544
6190.822091400646
6011.472058674788
5626.525730991268
5544.239628116895
5275.176372625116
5345.976565609992
5242.739681034465
5474.816706617502
5503.104492572097
5895.40558915182
6066.825530120972
6612.631237662654
6818.123150395612
7584.555963192668
7711.159213645218
8523.801010066189
8462.419022113103
8421.903434385003
11649.6136870412
11611.251148300023
11573.722272387127
11574.74211549223
10906.420055892397
10451.086303471644
10032.015090617484
9378.83484319831
9035.029128299595
8417.940764029949
8130.158997980564
7628.776718690612
7396.580676301397
6958.311158851735
6767.990870578765
6398.263704746143
6283.893119432714
6009.649352019519
6005.888099098695
5853.534684182598
5990.507790789487
5957.779638947542
6243.681900571413
6334.036736307594
6768.749550248264
6851.1676592499125
7069.772649827072
7610.075033494728
7831.250893834117
8377.556267649932
8414.484689530376
8419.277948937335
11617.780068238866
11590.667256447767
11559.554248592223
11425.911893321927
10816.250831420906
10293.891372898765
9984.9167026569
9824.292802864982
9201.134078425594
8898.237516778685
8371.853336694321
8154.216524004701
7725.518243591723
7539.019472182348
7161.972631733772
7027.431651085188
6735.846394069907
6701.663895664442
6520.525000248164
6603.65138676505
6524.197584584267
6727.954905115563
6755.734300077398
7114.397089457184
7220.036666703888
7586.661110247607
7626.150319061511
7929.901861244378
8042.038678617138
8324.747528768887
8375.323804253709
8396.20160970413
10644.073760756146
10419.438472152144
10401.30593474602
9967.976320618918
9736.500617682605
9163.535801538817
8939.267636700468
8525.773142528582
8348.540343136483
7972.154065372493
7811.759943321433
7495.279652281392
7423.581566274733
7222.594474971229
7274.688157748491
7174.403229658967
7318.530707483824
7289.429373879514
7533.412970382554
7599.390910070862
7901.069971124164
7839.584912533162
7927.615656108907
8119.796049962221
10396.1599175343
10282.008875723706
10201.458880406128
10300.625085879426
9844.963640219808
9701.223912542511
9344.435456673802
9208.06252502501
8855.243114333241
8700.054224719053
8348.999196529548
8233.692730182922
7988.714197913535
8002.513329481163
7898.808031753381
8012.491422068104
7957.153612420538
8096.323447275053
7986.916773039066
8211.950612368239
8142.549905883598
8363.010945705886
8293.16453952615
8296.189404890443
10331.25885652455
10282.584450650327
10259.693682360179
10313.808782059335
10116.879553611006
10084.331672024713
10003.521627343745
9763.932682029514
9652.509661266518
9355.977214504126
9240.785733734669
8963.788368550826
8911.702514027618
8753.592044821837
8806.49200355673
8740.197387681032
8841.552295773527
8724.920130270246
8597.948893493589
8511.428321288206
8348.01299246049
8390.697705943898
8349.133401721208
8337.11283378325
10326.923896331982
10316.97561825855
10356.508124044894
10533.612448069483
10599.656236221146
10555.498072131904
10464.07909263376
10510.909091263973
10315.27165547576
10242.869354445007
10062.04915437947
9984.631184514481
9796.420525738075
9762.22900168735
9608.228445729033
9652.36999167599
9577.997073386037
9574.229059995378
9511.269676934062
9365.31402638818
8859.373195732343
8546.196168280376
8427.504254168247
8385.162573370551
10985.900911866169
10963.658075647221
10988.41182133874
10990.580428559953
10979.054554488957
10886.75656556536
10869.84044836506
10769.880793740786
10661.637277985208
10535.193185160091
10394.808105018134
10308.327713906083
10237.812607974647
10078.067356608633
10067.788685112957
10043.150285782924
11096.230582406455
11089.96871841152
11090.390082602038
11252.613131162037
11249.704277241293
11281.485665811035
11262.86536633197
11214.701068053566
11102.761003847694
10963.069119696229
10787.756375505598
10671.053312289856
10538.913362094407
10355.96865682762
10317.98357492105
10293.838257544598
11115.4762181967
11121.0730166478
11147.210926651876
11293.239499595078
11341.374002693465
11374.644807285833
11384.67199011688
11335.589115240431
11231.954788626068
11080.007443225282
10902.179423475007
10764.686322417358
10622.517666056641
10422.83967792593
10365.48958993052
10337.18370074691
11131.953059142135
11146.71682960833
11188.269445381207
11326.957444193087
11397.451258671033
11449.575560284895
11468.097668143246
11431.485403547813
11323.492310929027
11172.32360556518
10983.60530088765
10838.674202322698
10676.322545218736
10477.881119627258
10403.28489196886
10368.405263322538
