18652.543398439153
18780.21635631419
18851.93815390558
18651.744447025652
18491.97273091532
18219.35828658278
18005.806885013142
17704.165717998592
17493.697357640365
17243.320640198537
17113.525326869698
16943.963546460982
16863.13784720256
16626.6224107742
16366.169508031047
16139.98112278681
18539.708238846833
18759.351798662876
18969.96557650412
18669.409716258826
18557.698486240395
18217.050210405672
18058.87916190131
17692.52820253311
17534.733367172077
17217.356208436628
17139.261170692018
16913.495556794078
16903.873960380966
16577.497181282768
16243.98220331231
15937.712108163698
18265.441785645093
18628.884847826776
19229.220358827737
18638.190603737887
18703.731735835176
18161.357318822647
18193.502017190836
17624.998408221192
17656.931090612114
17132.915681162725
17230.30383995694
16822.812502585795
17034.098848877362
16479.504260501366
16007.172097667974
15543.261250466247
17692.920332522717
17934.971780266358
18191.837036478217
18286.871223070553
17898.661989381068
17796.755951125375
17367.46185742144
17234.799824293976
16801.45169199284
16725.17680092566
16385.643428795076
16400.390070146965
16117.387016850398
16152.315211540707
15436.003930345698
14782.077640660671
17684.628502754447
17660.580878530043
17564.647881965328
17324.433658368544
17288.213727115875
17407.907904610154
17722.21047341652
17434.380135807816
17331.552390071654
16936.505050111882
16750.448504644453
16314.601192245509
16153.617177868167
15795.27096625441
15725.521991789472
15450.379648872515
15416.259058269528
15026.20725751805
14493.406880656075
13842.436550595487
13236.616616617184
12805.575597598114
12527.897802370664
12341.122314562243
17715.62920078136
17738.740544041604
17724.26918344688
17333.56315923806
17113.866241470405
16915.438051267418
16925.904815630936
16881.964020307634
16525.902086356786
16314.454218780924
15883.508061951581
15641.871272938446
15252.190855058398
15097.730687215997
14809.61307367573
14723.7624456251
14438.515998621839
14317.2696465696
13741.545950663049
13213.671754223422
12941.663684783942
12623.145539988362
12370.1971572027
12167.282317431518
17704.261877749785
17789.079533238757
18060.20235087247
17394.899783740046
17193.770860986795
16685.85580956022
16551.440935199156
16192.867820791062
15965.93761408154
15553.733154473226
15268.106080113443
14851.14733905697
14609.346307282634
14268.411645234288
14110.9410029008
13822.647649591629
13687.13254997745
13363.92226675521
13184.019566898029
12793.199079494145
12861.359350415507
12467.628080977955
12149.005780820793
11880.200400463487
17597.66894101944
17497.45519201367
17475.835482498223
17298.62509223315
16756.597945690763
16442.34026239005
15993.244812500063
15719.24812589611
15298.52521170919
14995.13193969553
14561.78305614141
14259.904712587642
13864.177825991746
13618.251417500906
13281.984092857589
13087.484911761023
12776.534730622574
12615.203986861405
12317.986827863286
12263.161024507146
12076.108497165686
12179.855162878717
11730.071286064578
11421.311456082589
19095.500956371416
18986.682209565875
18733.55156824405
18189.477613535597
17701.54869177026
17398.580416170902
17362.911049373673
16852.00999061911
16492.292594010676
15953.516610396318
15599.25424174501
15130.615598325563
14789.715509301708
14333.217711797392
13987.676139405741
13546.110537279992
13226.919309303988
12827.850246436306
12558.178943606228
12203.282198348908
11986.00973603686
11679.180971842601
11558.524054287562
11366.175505628582
11428.75929233881
11275.250710459526
11072.653102673976
10939.126286051036
10962.58185201698
11039.56523106687
11076.185305560337
11087.383385126675
19213.857005664457
19178.09986731852
19046.378772816115
18435.518430582513
17888.245108017112
17316.44918247521
16974.655035383403
16633.144179704996
16055.567058314975
15624.893719252554
15085.923117397777
14683.571500937025
14176.626265644843
13781.124862548124
13288.914781228008
12906.625907160691
12440.955169079529
12095.959638088138
11676.232728221412
11388.210322765799
11032.03539254321
10838.422035035794
10602.248778134523
10603.891179591594
10554.645523096146
10726.817518716445
10619.56254864528
10681.775289235757
10964.897419187968
11085.55440272868
11105.580118619262
11099.571461019788
19300.65632952284
19369.470848593883
19537.05976221659
18678.07674068538
18196.856601084804
17393.100744594172
16921.28097477398
16287.037088482852
15797.216863483325
15191.641744307974
14712.606968683813
14134.080820376053
13663.793951517438
13103.047377424835
12644.542146813721
12103.330580383792
11675.425676364806
11180.639525578543
10812.351135973526
10391.563506904115
10123.809563037737
9834.603845285568
9756.181376521623
9694.634660976035
9871.92809997981
9999.464389394614
10346.642322338626
10554.880915137415
11143.877593607669
11179.598512079527
11136.45964798506
11092.199465382564
19192.26143891379
19181.40980598051
19124.500768934184
18780.728811727164
17996.33897978893
17390.548290844923
16656.257924251255
16094.58595139017
15433.040294570437
14891.506223431332
14248.27048669579
13695.071705262793
13046.894138825684
12495.686452778225
11857.551443465889
11326.77644162266
10733.965148590913
10269.22213638001
9762.523229798015
9410.202135628959
9050.497764353086
8896.164441043215
8783.560809449626
8911.624543080317
9060.588305656483
9438.673621745464
9770.125670629579
10333.059845101994
10712.06950777405
11255.239643349023
11082.577467354218
10993.956979736764
19128.765240191984
19144.095518422764
19199.208452953175
18527.132759082037
17942.213671984784
17133.209286696285
16495.85402087078
15775.90533276973
15185.18082190434
14504.184039320384
13897.621016008816
13178.8205995299
12532.80450043054
11794.605497913502
11143.879621872882
10423.428386363652
9827.89568108087
9201.05148979485
8728.544621562842
8266.832169729325
8010.454403000414
7821.941419230646
7883.367816148716
8005.654995443777
8352.257309876353
8711.400347248273
9289.960138664499
9785.963548873162
10442.559995413832
10706.76419360219
10727.170257811775
10712.03789491049
19006.03504804381
18968.25250886866
18875.68896627533
18492.97552267836
17684.34911352723
16992.336581515123
16194.56282015257
15557.816710370247
14847.956208099822
14222.01321172443
13480.080487581183
12776.999699737835
11960.674041459748
11206.930671102707
10358.159646556363
9603.487296607873
8806.817360580339
8168.949029717328
7544.245606497715
7143.213514008214
6828.467476681772
6793.690404978206
6867.398188922851
7176.021209931504
7521.379084316255
8073.445212488979
8625.723751509286
9369.014665734161
9914.445904431279
10514.192476634218
10448.882742257116
10417.867315052157
18937.96634055486
18931.679164660763
18950.044660788233
18264.049285557623
17595.767983317357
16707.030981211552
15998.636083585065
15251.717223663713
14609.659127772335
13875.671299299864
13170.382876682603
12327.91754293273
11515.825632995002
10586.031440609637
9702.247398848915
8724.310141504373
7866.573311834345
7017.921628815468
6389.674910798118
5875.610497655507
5664.384349825965
5641.846628360861
5914.109100198656
6254.959497530603
6776.803987759635
7306.149847090636
8049.443913978976
8738.892019223465
9538.22346141288
9911.721045302744
9987.239218783121
10009.7620613642
18806.937277531437
18759.148025670853
18650.534925193988
18227.539328085924
17353.126064571123
16573.475307090725
15733.121270255746
15061.126140288858
14320.402771800622
13633.980976879593
12816.786902958618
11997.744757935774
11045.046190885727
10113.456372648265
9044.521797221227
8012.139015239994
6918.010814203746
5986.188132306039
5159.48085445034
4648.40876099709
4375.816399784465
4540.269606269486
4893.610338719863
5435.116908564529
5970.069896046874
6651.56605902787
7340.4111999738325
8233.633973125576
8918.24372856184
9587.479803528337
9577.400504980813
9584.751726959967
18700.2296223398
18681.995679570657
18677.194560139018
18000.546805068454
17292.170466174244
16363.560608605836
15611.101317064926
14833.583754370946
14142.744503133263
13359.241973362114
12576.00965892679
11645.322744554654
10715.63762505365
9651.653752474467
8585.613306795622
7384.566064642189
6242.087323020036
5078.777410784636
4133.691227295733
3377.7689098441356
3144.485854839533
3391.8749472851114
3994.4963352850796
4592.205125832964
5286.446137494707
5948.980414385444
6787.118145549357
7587.945816768887
8461.19216187518
8898.976816274528
9018.519689707631
9076.452027854839
18526.42587357844
18473.49144980801
18361.912755629422
17946.859856543524
17107.137127891547
16317.818552065668
15455.532022032425
14731.373569016723
13942.178131580567
13192.556159225196
12318.21557396199
11424.947319735718
10401.629245582313
9377.957546031375
8214.701204030756
7056.289180392954
5794.545074481559
4604.007568642421
3418.8884741234237
2457.576053708505
1886.370904772008
2421.4936129806897
3119.612785522248
3888.0430656225963
4598.709243915673
5405.931624680973
6191.46163083154
7132.81316891798
7861.776486924096
8523.381880058021
8568.168202398352
8612.670558619711
18383.42533592645
18356.9774980106
18333.19443321212
17737.012439496328
17078.526668093076
16204.14804051043
15430.094048302051
14601.517461421392
13847.867829549097
13011.128100798385
12176.380582249758
11217.107004557014
10252.834342393777
9171.792279298776
8093.084786097081
6904.644455066413
5736.0985320405125
4500.1406921471225
3348.503863020048
2198.164354184374
1355.0007959035063
1656.0397236695794
2453.1817400306936
3227.139701106042
4072.1725404801323
4871.454406419696
5788.876401017487
6624.744018422499
7477.1654590988965
7930.451325961067
8075.421354821265
8157.613290090921
18208.066795712457
18159.18349506365
18061.848368283838
17695.180405813382
16942.904539949905
16202.163468728655
15341.728953274851
14571.080237855036
13731.795213709844
12937.208449519427
12042.12345781916
11148.167137964474
10152.482905579895
9165.583116354064
8086.489378162623
7026.8340167508695
5887.054751978625
4785.285882558295
3662.4420693404277
2660.6675996146887
1855.23504276972
1826.9439456093585
2237.7159702015783
2924.1636973380237
3668.1949736585225
4552.98696571926
5405.922959219877
6349.717414726749
7070.597405969824
7696.144307904276
7763.761812211933
7821.125177368341
18070.142107307285
18049.437087150636
18041.692140658706
17515.914379802667
16916.723498716652
16098.672094673271
15338.597032372541
14494.434872699112
13712.7799252997
12857.157371311092
12026.576602986255
11111.251051929321
10213.288870398792
9237.67751052146
8286.10781538027
7267.999088873294
6277.339562609275
5242.558848114782
4281.33364799238
3363.084299811993
2707.1133718209107
2474.7612983462345
2692.7431655971195
3108.231836890105
3752.672542865951
4448.531644367502
5298.314534737815
6087.44330596267
6882.799973498533
7312.862428842733
7446.025573600053
7524.057561523472
17879.911981993493
17820.482400882334
17720.60182541947
17433.97028724092
16714.242501762626
16052.651560582619
15247.416809047516
14507.198275708815
13675.770800548
12889.62662150096
12034.769455955098
11215.634749551187
10331.736752120249
9475.13928321581
8560.99565330657
7678.351279975119
6750.869742783291
5870.5472161053085
4986.940461049971
4220.214505642751
3585.767628472532
3321.92290597062
3343.590202763707
3657.4904411765465
4078.1095213697454
4669.3144711896075
5251.66383772812
6033.478719005267
6620.639859424388
7219.360040472257
7269.770188930962
7321.787577290969
17707.38986421527
17617.475240047257
17455.091033735265
17073.57041806098
16427.06488531704
15770.725238210416
15197.389445528212
14473.964888231274
13751.28780725402
12934.792461177369
12173.524990994289
11366.082964244377
10592.07028496633
9764.153059325123
8964.166693053836
8124.8906805547385
7328.345148697371
6515.6593247446
5772.822655359132
5064.077249948417
4527.994828822289
4186.011348678317
4158.081715443824
4291.506356402027
4628.57586608586
4939.763113916826
5283.992359088715
5831.16569615261
6365.87135429673
6851.734226291376
7024.004236896017
7118.454967402069
17573.136536932485
17448.32717630324
17211.469060169682
16737.600602681465
16071.648796179987
15494.87142355653
15064.973409610306
14548.670325869274
13821.902203954378
13118.943163084496
12359.800023745905
11660.252887079685
10907.1310269914
10179.810743280977
9404.47968516023
8668.51065725183
7913.200985413572
7222.457218172787
6538.023853542927
5951.238747140605
5431.608654944295
5128.05892425569
4994.067520617793
5103.8202676229785
5257.355394359825
5502.709526457684
5573.8154997046195
5826.397767316481
6194.970770001076
6607.7757433506395
6835.983496754251
6965.407529274887
15643.180064431115
15286.509701851592
15062.896115921898
14562.844340110632
13993.87364024811
13304.393659669237
12677.609122723636
12001.669873175928
11356.414824601608
10648.24657066782
9962.494246035003
9243.893399513256
8585.203193776835
7932.418529954708
7366.589644173644
6820.2292982833915
6392.24250462541
6047.540211275505
5913.560664563418
5877.309625992777
5973.456455093625
5985.1471230069055
5940.308466865103
5984.908703650075
15287.227930837937
15065.532650437555
14886.568421382071
14607.519670136478
14057.645033544713
13559.274187995377
12996.01277907795
12465.040605811942
11854.076191997416
11254.651528373575
10579.461150182982
9943.268171471987
9295.063784651064
8735.376326078667
8203.567496739912
7762.475030713928
7335.259133466419
7030.124164830028
6722.616908634202
6628.221931508546
6495.035419768517
6480.663193967918
6305.817982401838
6234.692932699931
15069.598284769572
14918.45618710761
14752.181062079608
14484.874276430292
14077.647410658912
13687.08744542096
13368.709569050612
12924.121655485775
12464.688406706253
11914.162746739234
11358.697485932356
10730.142061768516
10161.30491170226
9587.834894277332
9132.50896254698
8692.236416004573
8343.018684429897
7973.545712140758
7551.77947435062
7201.467321930651
6877.754287644853
6676.167519631438
6500.554827559449
6404.322144107901
14952.646071960595
14832.593289726125
14678.549675241049
14446.891431243195
14144.776637874342
13864.231169369255
13671.276620192453
13420.290193866087
13028.364168204736
12637.13051829942
12141.307459022157
11641.051489753841
11056.278214970484
10537.894663726911
10022.589160024523
9636.897819285692
9255.316136261607
8950.576690133807
8507.284273164776
8023.747677146046
7420.588399249463
6974.901495180015
6694.513002130016
6550.457193113562
14165.52548301142
14019.258285119711
13960.723365822592
13767.250508061903
13527.178241570116
13198.79289266007
12851.197655598398
12380.712087693155
11876.785082273496
11307.647055239413
10811.572366980321
10370.927391289597
10019.302618065274
9661.669062718533
9288.566932326055
8891.482200249015
14133.673108383395
14057.99516415673
14026.218634883957
13965.400168267453
13764.426434615893
13562.161768118345
13235.251848565962
12866.769204413611
12342.46998215444
11824.192661886156
11273.293158433671
10858.965525539012
10456.031861638756
10137.426680171031
9809.49719470962
9508.080227447486
14099.115669325085
14054.7869362749
14022.176366909922
13958.595211175396
13809.10233737838
13623.851294195
13343.899838392434
12985.201372814408
12498.761729794362
11977.078886511235
11447.282769614621
11012.303795043525
10619.170708113204
10299.418014051576
10027.13906187603
9809.480083456736
14078.473862669114
14047.429574718783
14014.05367550292
13951.281895724162
13826.134952077977
13654.72828110303
13399.397488198352
13053.112711965778
12589.442242937273
12074.847684679524
11558.348619225912
11115.382688887812
10727.325822689629
10411.079084856752
10158.813339245047
9976.543556833205
22039.812916632825
22319.07185612839
22262.223589157344
19863.777403820146
20516.5098038096
19231.96023773018
20482.295194746872
19094.07279738226
20073.433447486706
18437.21109388381
19043.109301269018
17871.068070071822
19066.072624074586
17543.18818702916
17290.42152430684
17170.94694403918
21836.69906713991
22354.16964011566
22672.944614619435
19551.875351061717
20759.16391493141
18936.94144487428
20847.541804385
18787.99823256452
20433.262814669863
18155.12701197072
19262.611858374225
17590.48721592481
19381.011652138528
17294.323341329302
17184.47929192393
17084.747738295482
21296.886963531844
22161.253306424172
23257.735278213055
19042.35463295138
21171.334807348154
18466.017213514533
21463.20154848653
18254.066232724592
21020.19675330595
17667.813896597105
19629.705694745324
17137.236375444714
19882.886362677895
16919.376322590557
17111.991605892847
16980.94850625951
18855.24042296661
18877.69948185229
18536.20249244422
20039.498105184317
18075.178789670506
19281.69271477731
17790.101218700715
19419.059968185058
17278.034876012487
18746.73436899755
16604.112661717016
17924.232502991657
16444.42029928408
18637.571763052274
17713.89382084214
16632.013404609464
20206.697855933617
20201.25802742172
19878.954644139176
18224.404332617538
18356.039847113105
18621.491792052348
19344.647599352957
17505.448554791154
18328.19990416807
16963.25901559579
18182.820835145416
16563.571948879715
17656.2925895112
16003.256593109194
16738.15575821985
15517.683236522158
16637.709740065
15251.840709824484
15332.125649418254
14570.230767259096
14412.04970778797
13512.150223040371
13275.856654638861
13180.29171907276
20214.082597802262
20394.711473984396
20403.221864781
17997.012193816652
18133.071421937675
16976.10300927826
16873.942852460605
17661.76786834515
16423.916750045046
16967.168593220893
15889.515510229608
16612.980369530043
15289.443886691799
16034.830857705972
14758.38127048671
15451.552682379013
14469.094349015693
15519.432178060939
14847.060577213317
13663.763066305204
14498.93858343005
13251.71747422849
13144.291124042044
13088.371543763822
19916.03953209451
20414.79177788174
21160.40198790781
17612.414293675607
18653.074082179246
16610.57938512817
17221.469085672605
16041.172765667932
16404.1943820559
15368.868419586168
15653.496255263643
14677.279360411905
15008.499193450656
14114.818964750608
14560.736354379967
13718.154531974922
14294.496844554615
13394.10916912632
14349.19628086065
12987.947383843712
14950.626125069894
12875.10250134936
13034.8446562823
12993.691008884538
18352.456413399785
18063.803289603537
17665.987693832798
18539.20409918782
16742.591069978567
17109.95327205112
15819.316545567895
16073.720803317317
15076.044129191074
15261.832813821506
14331.072708477212
14503.251276056522
13651.832711432731
13891.957822218114
13110.592460522752
13458.61179017637
12673.078118610809
13192.12051680325
12368.23175592838
13326.379262736953
12360.896095164137
14231.331226704127
13549.68306276842
12891.80945959651
21478.89407701265
21324.705800486252
20916.502204045857
19033.758592230897
18541.386127927082
18238.908176662648
18662.060502226705
16816.249677246054
17126.710135621954
15778.877168474704
15917.128440053952
14893.436250296867
15002.671235166583
14087.370211623751
14161.36651143804
13308.25150228941
13413.988243558097
12617.271980253014
12809.224301275146
12044.866838461487
12343.86830481945
11600.658507056838
12182.165009118547
11433.14781591841
12470.339458407274
11516.172887678542
11727.365565736305
11589.921288267768
12191.054096673406
11897.937525915653
11841.02069526569
11833.331568537067
21688.257682458443
21711.445613592514
21561.553555764207
19045.675352600847
18766.567227877968
17272.977875548822
16838.30744228518
17206.879167140443
15866.14067093186
15951.551041571049
14838.805252266638
14874.101272883947
13924.39767534431
13944.119252194168
13048.157544020769
13067.753010604461
12222.78921831309
12286.491099062045
11496.974515875805
11652.794791549462
10903.651638542415
11218.087874025472
10557.589991418816
11225.286531428386
10638.7852677789
11821.213355428077
11563.066560102141
11190.816802814712
12523.1086197713
11792.455344387567
11784.976260971029
11821.867267704589
21649.084044792995
21954.27528033924
22388.63537102989
18782.94924077923
19350.284435990143
17233.83104608015
17396.94662008335
16066.384918466152
16044.559360743078
14932.259041968922
14884.679633972692
13875.645612422542
13823.312512704175
12869.61299671886
12844.28204126879
11907.404079655158
11887.252933977696
11008.465407906162
11051.513854092513
10252.156657504716
10412.662452076453
9740.753588435056
10132.75373581829
9664.974330868847
10427.263903807294
10085.905905314394
11345.730421872115
10768.772655801627
13055.340851972587
11545.394688577617
11765.566213533966
11901.05239823476
19840.559502047065
19606.846688264322
19225.751438514977
19890.99628507742
17898.642742294134
17857.56522823448
16420.006065866106
16296.65166502261
15156.437593811375
15011.94008535
13978.013669320113
13819.194886343079
12804.522731316214
12652.925223328284
11663.267981680836
11540.569841176246
10568.989108476999
10499.74468297177
9624.29248438877
9668.385990163311
8943.494231992663
9195.032778224513
8716.842426553383
9283.59115229091
9048.952532220246
9990.590205669117
9867.014595521025
11297.88352191119
11018.413008992184
13290.659554625929
12920.490133703419
12680.216619624305
20238.999776718323
20380.644270256907
20630.949275318635
18460.357648418958
18466.85521343455
16900.75589825085
16681.737049492545
15483.223306306527
15259.386977098957
14215.74164021729
13986.981398035665
12925.429510868327
12662.828787187398
11589.688761366762
11337.702523752585
10270.84841840974
10050.449210933039
9079.552396756153
8976.251684193214
8171.580802316202
8277.05184145472
7752.895914022495
8170.407407126668
7962.257133885719
8719.583726737737
8717.9345782182
9878.2479053851
9910.417823567173
11519.560143332094
10973.5351699313
11278.146040372127
11461.679624468004
19367.23514790299
19157.00277069451
18827.244761189984
19227.874257469968
17503.027135675384
17251.64276282167
15899.911558206317
15610.814078260655
14539.603516302841
14249.704102982985
13209.883147138067
12863.309692548386
11741.542155315896
11361.368619970832
10209.123499209634
9838.068720619523
8707.83637095282
8432.383726484108
7468.657751022992
7413.672494260216
6772.069363769623
7071.935301917768
6821.9054409995915
7464.805932046223
7495.749975678061
8473.15238533017
8683.02237873387
10100.377380213085
10129.576760458152
12024.345636677544
11830.971367030059
11718.817932926955
20078.745112255932
20252.69572754075
20560.68055790147
18284.46773878449
18243.92551962962
16504.114395101904
16059.595984720925
14927.36610853345
14588.455774876686
13575.15137986852
13212.63119458751
12089.312879756615
11623.109067048605
10419.305613119548
9935.999568882306
8644.754072251491
8178.581673746227
6985.7492320103665
6674.858164266249
5843.849727908068
5947.165694537973
5620.854893355864
6163.834346864918
6223.29568981827
7064.456673595035
7303.03825114684
8715.669296971751
8965.829515454394
10787.971128131623
10286.937713140476
10609.170695208248
10798.149196306442
19255.734473309552
19051.59892802716
18710.516658320797
19164.298051642603
17261.726556627782
16906.000753634984
15412.699593644495
15029.390323439076
13997.917024226846
13601.251488988612
12555.048120476327
12057.532724966584
10849.220139576668
10263.765793954808
8948.437888161845
8291.75762236922
6897.264576176761
6313.739015711427
5148.078761062895
4921.423714256323
4332.98186031919
4803.725215259308
4874.361812923689
5684.422755017096
5956.572757866885
6988.087974606742
7458.3985652481815
9139.880604512227
9262.61679360391
11378.676676945752
11122.216310994014
10974.719727412103
19694.835452084313
19836.868395032456
20084.65682816898
17996.768418794298
17827.25319961649
16138.689004397946
15599.57919460157
14499.282009219856
14072.023951712243
13060.27056490759
12587.48410835787
11421.151780162158
10803.906781835476
9512.006750034152
8805.941868625847
7342.863489570255
6550.7368718839025
5091.912005008768
4401.206013569939
3309.6468316728283
3358.0690868435213
3328.9080867801927
4211.19846125321
4587.584306766844
5550.3830008380255
5963.140214149803
7365.445029788926
7805.66611590621
9542.579104966038
9231.074457719249
9538.763484744813
9723.942861384152
18761.126726582006
18592.900406002125
18311.91112923887
18621.130028541214
16945.531247587292
16513.88210191378
15119.125851785218
14650.030960329092
13617.816059564217
13125.029042177033
12062.164150460274
11453.523032326926
10217.393300996433
9497.30546422594
8129.792003021617
7293.225498492257
5792.637461972368
4899.059248868037
3406.6419340979846
2686.628175401367
1762.9978394352165
2640.2469474115005
3115.2996466366753
4131.55596863866
4622.042613822906
5715.135032313976
6292.829437740211
7846.3012017351575
8120.574594165871
9888.867803423818
9695.478690357308
9594.024556567467
18837.525375632253
18888.248896240922
18990.2262889713
17527.04708260348
17217.54291023054
15891.87059047009
15366.15488255341
14265.840036027526
13748.066920642594
12714.56073234027
12132.836208124538
10987.472969638706
10286.107307651873
9022.10840685632
8212.366805788151
6843.464627870982
5947.92828547814
4517.186346199172
3598.0884689873146
2179.5832771074142
1604.8524642636771
1658.5923101094452
2711.099167215498
3287.937715058412
4355.57455296646
4925.637898336251
6162.662312888058
6722.908920034581
8098.300095007037
8070.143055729132
8313.915637326612
8474.068683915044
18190.06899145578
18051.761618226705
17829.713710276978
17945.835875700344
16653.451547987002
16185.974129793696
15001.833199212446
14461.968764948737
13409.45198237672
12840.07578787437
11776.104138611943
11115.194292497446
9956.864862718701
9208.232207550049
7968.808406978067
7151.254374042389
5855.462237168188
4989.827640438794
3702.737303880934
2920.3815548900297
1914.5513155246401
2121.020200238459
2342.5814680717995
3217.244420551654
3749.371919094821
4867.944727299313
5483.765252523987
6791.60823858149
7205.188949119623
8529.618937479283
8459.739480424512
8433.533527123234
18406.69902187455
18478.63380902584
18606.521072874468
17287.29321818913
16994.941866152218
15777.755574141025
15242.312110881612
14157.226011518555
13583.34613339786
12557.19655113611
11933.900954702454
10869.677561112738
10180.686502714707
9066.820089320909
8323.723513454817
7174.643765279733
6395.577623908325
5226.913748623166
4463.985062738266
3418.9403856724402
2957.942829354738
2572.7249218589645
2964.1346178754106
3201.9846407140226
4034.4712264514824
4528.118603945757
5644.140885908371
6191.179970147457
7437.3782815632285
7441.80966610592
7662.727590508422
7805.1865111713605
17742.15044072458
17624.20898289217
17454.311712619336
17788.401934247497
16422.222152171562
16060.360919025637
14914.694400966962
14379.894134785758
13354.985140416546
12756.967257284634
11756.799446871177
11120.05798544937
10113.124269614942
9436.54745038051
8409.542454954106
7707.105922171066
6673.893584739886
5974.6975673858815
4978.942455617514
4395.593907789476
3646.540669631179
3555.928079968632
3424.6268935798325
3908.119850718753
4155.863894442305
4954.929879141131
5308.52419111016
6496.956403065455
6744.159845490145
8188.014662878001
8117.178628561868
8079.435774089959
17604.844640500425
17542.573096061915
17480.066192182687
17478.9159486579
16424.93760263506
15749.280154481183
15128.34962293991
14159.688021866097
13619.932622478085
12632.742579315234
12026.252229420059
11102.134576784229
10480.911873321715
9555.716472160158
8901.032345043772
7977.51960682257
7330.117701004366
6438.230309435387
5851.3868240584425
5061.309929777432
4687.227329399521
4244.201527526962
4383.153322376149
4377.603324604427
4902.053458548801
4989.848921965141
5343.538148402045
6272.153671008815
6783.540069577083
7851.772315178961
7956.474498432655
7992.399502852829
17534.979499496723
17480.24858983225
17404.523856581898
17093.832277395893
16015.72133766386
15188.592832923196
14728.725752149592
14456.628493597915
13524.492657202065
12974.24505963479
12064.108519595617
11508.095950128547
10653.510281631105
10063.3033813061
9200.916898679014
8600.609226684017
7770.201378230843
7219.070252580501
6465.230373663369
6028.253954722303
5434.0858777736685
5296.215623567881
5066.805856933767
5351.15076971022
5352.803883861778
5825.524280156118
5837.010669498476
6240.711016203591
6713.113727732614
7560.902791495629
7762.836043642438
7859.941694122451
15471.849071688672
15102.91554019534
15051.483210696457
14278.509482147563
13867.31047529899
13001.424116538843
12494.153294584328
11711.689634427265
11189.802141634162
10399.422493776694
9831.042035025563
9043.659732616627
8506.894872059023
7791.9406927823775
7358.250090640306
6752.857496750767
6471.311014454998
6066.341832560245
6087.087668543663
5940.131222696305
6203.518928082247
6025.205062470929
6119.3662537104165
6317.550441346964
14906.100781424379
14692.976620285946
14535.618526960006
14540.034767610347
13737.790732339898
13381.281769427536
12677.740521358577
12261.195666743453
11568.034567732955
11076.138364734947
10327.064609913783
9798.569116715913
9090.6019637395
8643.417077442546
8067.3324052898015
7749.28320398574
7282.094142809369
7103.99074293598
6689.288247886021
6755.64072747445
6481.883558749376
6770.588969657801
6647.354138205496
6613.178903415117
14736.983400986997
14628.849711098914
14543.423893553985
14442.61750077448
13875.019628823713
13477.075201000645
13129.558475027565
12614.799150964152
12245.830730142163
11641.911821256359
11198.22982960945
10509.596518544926
10034.11486076729
9406.645345222607
9034.057414931487
8565.790475348744
8324.71104230815
7904.6298213943055
7509.886394802538
7129.0006833523885
6744.6160851516515
6789.719781410543
6724.868099036892
6691.706167214641
14676.23893050743
14609.56589679373
14553.568333241788
14435.489805735684
13984.445119845754
13559.018260097755
13321.126411224015
13181.022531643
12732.31577350702
12419.893877639788
11915.411252746511
11483.724727420758
10862.380893309944
10405.970188371522
9834.001292381998
9533.524366212727
9132.931714948223
8916.06648327793
8690.40736680722
8195.817134352956
7372.817074221551
6970.280369019655
6820.587004752623
6759.192911645613
13941.56784584874
13720.684398898726
13682.70197915094
13456.630249418778
13259.830982772783
12911.118675793441
12628.504269865281
12149.91708663331
11668.846852896684
11102.387868493803
10609.077747425908
10187.98825139371
9870.982035741656
9502.22301938467
9417.08107020401
9186.189477349879
13782.682469275118
13679.004493837407
13627.456833924234
13643.613723247387
13415.817231853716
13240.812233219334
12924.845051125461
12554.865465489322
12043.95974493707
11518.00767266365
10984.058604591492
10586.103827611883
10216.557901940796
9879.61339739343
9792.093395230253
9667.268715278571
13735.82073101552
13678.153041924466
13656.485620663629
13657.635620403948
13491.321332368641
13313.093137702888
13034.433329725041
12655.570324717566
12159.521246084287
11615.881387973597
11088.983875202532
10677.001251807704
10311.087089354267
9966.768658305367
9865.286350035198
9771.649002815771
13716.531413734816
13682.372306440264
13673.151915150924
13669.179227266904
13534.804357073452
13370.911480694689
13107.836999685564
12736.398816257175
12240.986161559824
11695.268727277577
11165.536103811804
10750.82175402753
10376.840772277073
10040.262461968105
9920.05586018257
9836.017222042314
