15391.367904104016
15370.43607760056
15232.056332276465
14708.320831316136
14110.251398281649
13254.235096593138
12293.593577954804
11073.870006626583
9887.49566452039
8714.540576848613
7744.14487315694
6956.331015311417
6387.818872338412
5747.853166595167
5189.306700930573
4734.948346647758
15413.174313748137
15456.90566577149
15457.546648819682
14821.856543336675
14268.49954729321
13338.597760663755
12426.980552110812
11126.097761257213
9964.422324461157
8690.764602809213
7748.074363730126
6866.145286413638
6341.982572725857
5578.208812089264
4923.437649426336
4329.627537236971
15374.895735351882
15488.940250880887
15869.510680277497
14915.82865536799
14536.751248701763
13392.673981187794
12670.942340760159
11145.925472455358
10155.899257799098
8620.38070078232
7827.667411743593
6697.914652716418
6358.210907747272
5308.837034046278
4460.759458575415
3554.4600587139
15238.450327937277
15086.544009530133
15034.86388725623
14761.466521451608
13882.655571699177
13185.816056039263
11971.531998183971
10891.625769197135
9394.529803653912
8264.798067182906
6956.825883059659
6146.026719640059
5195.220642707729
4685.538272266532
3428.178143754447
2022.6790554241009
17604.68864141709
17375.235712808793
16944.47672459746
16153.77735001052
15435.76714759244
14988.903830167406
14892.163732747416
14162.635165717178
13548.444893771759
12523.880507758986
11561.992172588481
10159.547081310217
8947.401268486565
7476.228388824511
6355.622954310848
5125.693801875319
4198.175983242766
3116.359828946903
1772.8562638087976
139.62445376686847
2291.373982175921
3986.694733965877
4956.907025191427
5520.943401173566
17840.939314885276
17668.250776790526
17389.751640011236
16559.844185726684
15778.627278235492
14981.499406004128
14472.610876693374
13936.707583134028
13017.434433593355
12160.261808515215
10943.648705729966
9771.837600224308
8325.97359836471
7058.580476264393
5668.204377696937
4486.387843900694
3093.1368140363265
2062.243174749211
761.021565270128
1732.0859152681717
3572.1928688120724
4853.917692671808
5570.488943273748
6078.229690600657
18137.81459731852
17985.593899803167
18016.349585116393
16954.96030696342
16274.402994675878
15213.845400602979
14532.156546481108
13615.803930543532
12791.103657462578
11697.90319176591
10631.971138543531
9310.006377582633
8064.132472100346
6641.486163057147
5357.963027164106
3957.9180262102254
2778.5768742629243
1476.8168349285174
1653.6000305182506
2962.2657502245206
4752.979931801445
5707.968387159133
6296.4773607039315
6883.558491622795
18497.132717203258
18076.344302584388
17775.95076634511
17242.08100694912
16239.202040307004
15410.997893632883
14410.776367115326
13566.753414577643
12515.888761928798
11519.493755707565
10300.302956033729
9126.170116060983
7765.801744573978
6491.461237403434
5107.979232539787
3876.177383943864
2576.9983837595187
2098.441657301528
2631.20554460738
4067.0779471263313
5408.690812994985
6750.349373004751
7272.0154879894735
8103.850973279737
21600.328795348974
21401.785531133646
20980.59854985884
20106.075307182575
19162.27440440961
18460.96604798077
18108.259489463242
17233.647499528397
16446.168706520453
15406.287185236202
14512.722932522944
13461.188388415805
12486.574700023428
11325.329716768616
10205.607481501533
8912.002759817095
7677.905648395645
6326.619740592115
5082.900445763131
3836.404689705443
3024.636758139016
2995.4862630801426
3984.742962767962
5087.307577569902
6466.583019717202
7498.605526858473
8442.259227875691
9706.844946544488
11278.703735807085
12441.180256864547
13042.468696015794
13355.453802368618
21817.733570030367
21720.105706181814
21485.720877312106
20652.809218310278
19796.2371688964
18865.237212832188
18180.459728473972
17499.779904787792
16516.743701049774
15623.757218732311
14557.581139118867
13585.351535902291
12447.241413142732
11359.627944685535
10106.951020858742
8907.32641452155
7582.365919909885
6357.220451609058
5120.376032308524
4171.062992719355
3714.377147552694
4236.725061556955
5142.531466600801
6360.62819078524
7482.363055850871
8754.300714149078
9786.188508504369
11015.517606902913
12321.734612848993
13136.675123493116
13496.713655580314
13699.249177804943
22028.976442134066
22050.139454810083
22152.961522426325
21119.30170308573
20424.331513376655
19347.10795763074
18582.6596643936
17634.174897279758
16790.622483910036
15768.360587111356
14811.922520437765
13694.473971482761
12630.01424736077
11409.403061089459
10233.573276541543
8926.660441447364
7713.542178709807
6474.490051674081
5452.855535283227
4731.538827145018
4787.053808813676
5385.883963686307
6388.098678901113
7414.532384172347
8599.9106606001
9659.764219069064
10947.095700078871
11989.53283706199
13276.826987061233
13778.283256792118
13982.00173443755
14109.822714872944
22079.873665646537
22027.079924710095
21910.87546562502
21454.288928981823
20497.785811342244
19697.381908233263
18733.699279483382
17920.89055297677
16961.24497366946
16072.746229393328
15017.051627803286
13995.141360495618
12817.979410455044
11680.99617734189
10407.478673272646
9202.621667969428
7949.942336829171
6884.678254341356
6000.9094866987
5666.066884617272
5886.883152290968
6599.456370649653
7455.682288242499
8496.160540393414
9468.452897217621
10588.80793096368
11590.609487437776
12751.396512564956
13611.187283854933
14507.73971256168
14516.62326402711
14562.63660616272
22221.858695897645
22205.85411657813
22222.04263144718
21452.535638566696
20750.472385212568
19793.811067600167
18995.293976540113
18080.873099118573
17263.178416293304
16306.678274384712
15373.933394555224
14274.764446368277
13199.777160932594
11986.785060638482
10818.743479853078
9562.877146223951
8462.49899066757
7462.67707818725
6870.671243383304
6699.611482154986
7088.704166369783
7706.078035002281
8569.025648282231
9411.347038093763
10386.183587214871
11280.621221257963
12322.716632636537
13215.047174584191
14209.040356560414
14709.267043901385
14868.278917782078
14958.517751350912
22346.049587397232
22282.901900600144
22156.90922492085
21715.943711961314
20818.1079093334
20032.733371965533
19125.03148611903
18357.711362912785
17482.369266085498
16660.486201819225
15681.044006918102
14704.098478584763
13581.908817505908
12491.231069138337
11285.65661839647
10176.466103257415
9092.559590241348
8324.534122069825
7849.653020954302
7891.240331592019
8221.726989201166
8872.074103350593
9562.228985406031
10389.754460236401
11161.363866736676
12059.405072821555
12882.657125485508
13875.185170464048
14631.4635220811
15401.644816095988
15433.903053664146
15482.595000620435
22579.70813125192
22558.254644834476
22560.471224032404
21824.1203209371
21105.592392223938
20153.596683749027
19384.377074665903
18553.80045572691
17812.15228216186
16954.550731620697
16104.43005096248
15099.771233439267
14115.256011045665
13014.699807631814
11966.57670330098
10867.833304094213
9987.929910754685
9289.2056522106
9025.210343331817
9042.991979441678
9437.87481153246
9941.478544665977
10618.230599185445
11263.902876245658
12024.564356937604
12737.218465861235
13621.636796618473
14440.928541435407
15366.824593631314
15833.66731535005
15975.723445334635
16051.742925688462
22790.62858617622
22736.68735739116
22619.62842557868
22178.20558870262
21270.92701727867
20462.15577454863
19586.358933354473
18877.191132062868
18090.189771610374
17353.353589900646
16482.03959599851
15613.913633935039
14629.544624576021
13693.47461391756
12674.896872542366
11784.817848101724
10960.197370169257
10462.004638759308
10186.366420323322
10295.877461666323
10561.740871254673
11064.587966283214
11578.941127874976
12211.853655122015
12816.304494045095
13560.43619584795
14301.089167520133
15250.166548161445
15982.579444999605
16699.58561252338
16708.237257261888
16733.137833741515
23042.074721451125
23030.03287433353
23034.337389362714
22345.927546856172
21632.901713307972
20694.758079163228
19937.547939742937
19158.477653789727
18475.884837947604
17709.11245703158
16960.809278695153
16089.847358303994
15259.053368954796
14356.047842228332
13541.851731223327
12714.804561380077
12099.943957970969
11605.18666228352
11440.05900511763
11445.823566602718
11726.985105201
12081.627543677125
12584.33385123766
13078.13444011484
13699.371615869019
14315.972080922314
15136.506405198741
15922.519046255677
16787.41574625759
17211.00667380838
17314.564715245688
17357.995196679385
23202.767487450263
23164.976505345476
23070.454445920237
22672.277440357306
21845.318908851274
21076.59394972114
20234.086679100517
19550.32322365136
18817.929959340123
18154.29599867546
17396.418287022185
16664.431037188908
15858.853479469193
15134.611262076194
14380.637748096826
13763.21875637579
13181.490138839623
12823.514061689893
12588.185802680988
12631.094446500558
12780.134759623032
13127.762443354064
13497.846007166527
13998.171453357758
14504.017136259916
15168.199635448824
15856.512674123762
16714.684591609916
17362.657918379875
17966.14067702516
17953.00896440495
17950.530514784077
23347.907352580965
23345.235017796433
23352.19114291278
22782.433546364347
22168.93136067505
21344.27661728635
20632.608544299263
19885.265635477383
19244.162931142848
18551.888541968103
17909.81117684169
17195.290266073855
16544.126236032094
15860.962469213642
15288.983974308043
14716.413649413736
14289.866014152001
13916.78964675021
13756.888482059101
13702.956817959708
13857.846115058192
14076.742926478488
14443.268197878662
14828.687184952916
15355.78337948388
15902.715829469655
16626.587789217876
17283.09781776376
17982.21844236232
18313.92439866777
18373.984217100802
18387.20476908204
23404.40230297224
23384.54771123002
23324.131247566103
23013.336612153074
22332.382594423954
21685.328979761027
20931.500565818456
20293.20019819983
19615.323002742178
19023.75264227014
18382.089037240912
17800.366981885472
17179.73295028225
16650.32314373195
16112.10224507987
15686.825935046072
15271.739708241794
15007.598840152994
14803.559440521438
14787.069013032908
14838.167425858806
15051.964920378266
15301.097633792147
15689.023901510285
16100.207329764604
16662.28880790472
17216.057930305014
17887.853018738784
18373.428390293662
18830.14311198508
18785.416303281632
18756.345012819365
23454.257226006463
23471.32709354962
23516.050142468812
23062.542748615706
22574.818268796666
21891.910683608316
21292.47735804887
20627.791976416953
20057.661529797002
19454.031004053995
18926.228777203323
18363.570826456078
17879.71356815405
17378.154175536696
16969.571839189288
16558.909660094774
16256.293073171058
15980.312456783451
15845.245201615951
15765.541440627585
15831.819734222328
15940.920074525102
16185.468954500824
16460.926689848395
16872.837514570485
17286.68234376265
17826.129159130232
18297.93511148867
18807.877887970804
19018.081303678995
19017.69824502459
18995.120373045946
23406.295977138892
23390.893073409006
23352.992453851442
23178.702797494036
22610.133601441015
22141.808227961417
21551.563223041572
21034.470905233786
20453.531308988644
19957.467027258837
19436.876932915173
18994.668281736795
18531.11272804938
18143.195082650538
17748.188749957622
17437.133242908396
17136.80437505377
16943.042695316006
16780.113248368627
16740.857599566818
16738.442111864886
16856.778350655008
16997.40780566516
17273.89424093299
17558.226111784756
17945.948562568607
18250.827962207233
18717.68969680076
18989.171101243493
19341.13869150185
19238.1872531712
19178.09387712896
23335.85206471104
23296.49499971247
23214.49278781877
22990.95000488024
22574.126464770765
22183.51266203526
21866.24386426021
21384.106606991314
20937.664501704134
20434.79217412884
20022.3588283655
19589.44308955377
19223.37819395749
18842.85649196941
18528.633411531704
18217.88633936778
17993.163538042183
17795.103916201922
17692.694827635692
17624.03204091419
17655.936744264392
17705.88906344944
17863.88524059521
18037.499426568873
18316.677941744998
18505.611166403352
18645.545757206986
18888.88880803784
19068.893333183314
19254.118396187667
19252.0030648575
19229.247284958627
23280.01440831141
23225.076264844633
23116.934750875822
22891.310660655414
22570.276182863443
22291.833366822913
22096.06949894782
21825.11979745409
21385.8408055312
21006.52241662716
20589.41732260541
20248.569562013778
19880.817377419415
19571.761164237312
19247.81082834969
18997.481443923025
18766.958674622136
18634.792346232214
18526.836227593692
18511.938590041547
18507.18916142368
18590.669150672053
18676.465141541572
18873.285310739146
19021.679161421715
19214.38956421804
19189.020660945505
19246.342002915393
19248.54180273793
19286.99383324274
19273.532722485863
19254.966010073786
22572.57631097708
22449.15506600406
22425.3405110101
22164.8848154565
21889.467442065725
21522.522687687204
21227.422429001566
20889.07902693592
20602.615480200053
20279.39103773131
20010.562155653042
19744.72361467127
19571.4953322224
19432.411794259468
19389.28148513621
19353.37019108422
19392.943096215255
19414.12344215269
19510.134382582262
19588.943927609016
19725.420085022422
19732.8773131856
19657.74855333204
19631.291505722715
22564.44409059069
22513.50071977413
22509.754635275724
22476.391520672012
22228.42168979235
22058.975513585345
21819.53931460979
21600.352878484737
21314.993924621183
21066.751251983584
20777.268662062426
20565.216566247906
20373.484343958316
20292.16268082656
20233.202678663663
20247.8449757173
20234.920918164185
20265.783827617826
20202.768012340777
20254.495712088697
20199.80172293766
20217.706499281026
20044.811846212302
19955.80846039868
22566.893101606074
22551.276787298222
22562.731279954904
22569.793233414784
22506.699859639746
22467.122963341557
22444.56265683619
22267.715144460624
22095.531846120615
21860.53270927382
21662.750324749974
21439.434690244558
21305.151360120766
21181.83563074345
21154.671001062088
21109.827391249313
21115.638553987665
21040.641232759546
20872.85884038887
20724.710315325065
20525.341987544176
20385.51310445268
20231.017467759953
20137.676268353585
22591.539560827496
22610.139149207615
22673.68116523138
22782.645556490323
22886.34570464986
22928.509858187306
22965.610053277454
22937.32189802919
22796.58537109219
22689.96217554121
22528.343778844337
22412.822057418052
22242.33443317302
22144.496009408966
22016.69254534876
21975.423053689665
21897.10072353642
21844.149029009906
21630.568306312307
21383.73682334506
20978.802179610782
20642.176777812656
20405.564120733074
20277.042291684473
23254.7749379501
23325.14384114859
23431.700431977424
23422.413652867508
23403.146939778824
23334.14467471839
23300.130228404778
23195.780796109197
23085.75796138124
22912.378728558288
22770.08418961578
22634.8604488517
22544.40232737796
22400.75889235932
22211.55773729584
22018.08285822498
23468.46759455043
23528.750768794547
23619.625357490666
23717.956140708877
23717.395400310517
23757.84157158373
23729.8995435118
23711.49419172647
23564.428517062115
23421.52271535862
23202.17895549402
23065.651620092027
22896.229631934482
22761.21938328675
22576.946998091382
22426.266865876463
23560.641397449548
23608.59047984206
23682.070765797187
23766.864385010045
23808.52217175021
23859.151534835048
23869.01890487924
23848.56678068972
23727.326584927298
23566.40053988032
23354.597002279046
23184.715205781307
23010.562180527137
22860.410994121397
22711.779702494987
22602.30518414224
23609.320381906182
23653.13588377959
23721.154873800333
23800.68228412158
23860.823862620236
23920.464697201092
23947.74307452285
23930.3207320016
23821.239268390105
23655.63560219157
23447.262098580777
23261.056342210723
23082.53525670349
22927.403449214147
22790.66376016554
22696.054987589036
20233.273722471346
20440.959334218063
20286.12813758672
17484.27632958094
17753.155858072125
15870.467893535226
16452.111056279588
14066.329613582899
14060.199677569462
11349.182941299314
11067.903727431834
8946.326166706882
9322.910108996139
7282.624176372354
6841.5652763737235
6527.903179452743
20082.73730841
20516.564343460082
20761.961842771547
17192.061335422786
18032.610814582593
15581.446176035237
16852.45672565101
13767.580224581814
14465.472650206759
11073.189535267411
11311.971392110065
8655.965227367155
9616.715059797678
6954.461998201172
6660.326770895948
6299.118217309451
19631.79703732781
20371.378776687317
21426.452618557134
16695.995740184713
18491.905258901472
15106.99650014296
17513.52979684429
13231.995392145744
15111.173840643898
10589.156164557684
11715.771337652703
8187.336057738063
10105.747955435947
6483.131148127003
6471.255008095398
5919.017648034859
17550.852118845087
17209.174575957994
16718.9130104046
17944.990698966325
15429.794361991635
16129.050359066563
13825.437693008356
14602.814003671168
11328.62925942042
11802.361353624776
8576.398650775665
8961.574236417662
6289.216404566219
7909.813832715521
6481.767116777265
4354.767989627915
21523.362415286985
21417.35756807037
20896.66347934236
18595.916129833167
17838.647237686077
17408.273020218912
17904.35612960768
15577.760918489497
15950.358492139316
13934.842753264793
14471.143079542531
11841.41378549812
11961.986526768782
9126.353875273338
8832.000195438628
6487.9464550668345
6590.91811298141
3618.271628865343
2794.4821685305888
2.8614011327834958e-11
4472.20558212673
6182.433641870414
6729.445491424935
7040.488634105306
21631.854911822782
21724.506269582875
21621.728085748742
18727.75942332836
18286.28179096905
16332.229615514405
15724.545629899963
16088.937291833221
14262.959438388454
14222.557259270086
12355.890415246275
12212.551174826376
9809.254974022402
9483.890735234236
7066.2314007753575
6657.233419196654
4217.258582783037
4087.7582464206653
2330.3262708947045
2627.3645807010616
6374.349446006624
6695.471923807365
7035.255907404732
7350.575378772232
21489.99271611749
21857.949443010362
22529.187469656743
18470.90032431113
19107.846825253895
16444.99352799567
16546.949476598744
14786.190332837785
14596.95114584687
12869.61555274378
12425.961161816314
10542.143520485231
9921.98638531988
7943.38610996602
7290.2250919353455
5318.72154774892
4822.346446454565
2570.751684869003
3675.0636644311808
3479.1463474320044
7629.760466730464
6791.719737107083
7373.312644517812
7913.352047789558
20353.92993271638
19757.705327779913
19215.80137226869
19806.08080962584
17502.236106191525
17400.522302006255
15532.131507295364
15260.136013928699
13622.351314494039
13158.154373187954
11439.754407642531
10786.752808192046
8975.14910498538
8231.019575968332
6408.3670619346085
5732.293891565525
3958.373091121941
4116.688959511039
3770.7980600568058
6300.635856432113
6399.2678572267
9744.635736186623
9500.640353103392
10004.184705971426
25329.012508496333
25129.771026112616
24631.13281144933
22352.83459959904
21280.527871196824
20466.934219420662
20697.611994764666
18446.093608670206
18375.528252051477
16500.121180925897
16139.207715807119
14524.655556013277
14041.170784438289
12419.54576146658
11762.439517933191
10063.223940467857
9300.357475728571
7561.383223992006
6809.479281554987
5175.746048836756
4884.4328142425975
4364.3881427914475
5969.76512565149
6354.592634658322
8745.57378285021
8906.577224443055
9908.578608353542
11597.185414768192
14208.448039541114
14996.432345955966
15210.91008977547
15346.133573047442
25600.389702416243
25603.19268176614
25414.167881920726
22622.23045858339
22050.528637160995
20063.34523488829
19258.979515863688
19340.86110569574
17571.20500211291
17231.47792078907
15577.47698620286
15082.865099411765
13500.641034993881
12869.594518992462
11217.455195479588
10465.005773632754
8772.36185006346
7997.727507948395
6407.336389060267
5918.389115336244
5063.512358432701
6032.677949453463
6460.822096464697
8304.00667656355
8813.657717385926
11074.437938331557
12028.084313729389
13114.569429947669
15523.586927080987
15311.630402712586
15416.043453224058
15530.197663150951
25612.586447810198
25908.00183841388
26335.026508590832
22430.946358817167
22845.37847559392
20398.356085621894
20297.369697623726
18628.960412437813
18287.803649804875
16748.82165970041
16256.890552366658
14705.469737701505
14097.980531539508
12488.264417613967
11788.987198194996
10093.540350113046
9335.026866613758
7723.956462197109
7144.512359014942
6046.203297369847
6509.511018590168
6669.371253822026
8101.289784280718
8655.198543689494
10398.518455065736
10926.538208970456
13172.512081252107
13364.975094832655
16397.13097626677
15243.956052368623
15573.634281929928
15801.088427492823
23873.481127282044
23612.83612891413
23196.396048457733
23803.38296220805
21584.86011608303
21382.32748814352
19687.441502167294
19341.919379225645
17891.30255185584
17431.02582484123
15980.103298104108
15386.515578581915
13844.352372892297
13146.759428439584
11529.695360706497
10775.71917889925
9154.375021137055
8525.107556868299
7273.353254939151
7344.716496740917
7149.134315532627
8231.592376466535
8655.285514322972
10097.985141819463
10630.884517999917
12304.175343870762
12802.252648227584
14848.814932448948
14998.148658250791
17688.043419118014
17357.98805269617
17159.453902247198
24500.686720455185
24640.69142820091
24893.981679041975
22556.338964175975
22477.753651158262
20731.703447527565
20377.294101892054
18968.525301737503
18542.537540123525
17217.52886541628
16690.870438205067
15246.558823840549
14588.050637180042
13042.914832507742
12311.829559410211
10715.632329440694
10028.748908410564
8688.801105398077
8488.032720933088
7942.622120852916
8671.306981527612
8892.705092437316
10076.504950451617
10530.682849142131
11896.966846547997
12385.370679387905
14010.342748831674
14397.557919368524
16375.359726942297
16011.260268716036
16361.621667875608
16582.870534973674
23835.342304147794
23611.86156542695
23264.115496311384
23646.216575204642
21788.95425948586
21468.493746237393
19988.802426865303
19590.57620548296
18343.477925519906
17880.57202214618
16598.580388440037
16003.750168707411
14575.319581784968
13887.435550425773
12376.052594912691
11681.71084277844
10260.940687779846
9881.540412033779
9057.534449641036
9440.914067692036
9391.126868329116
10349.79126388099
10664.537619181017
11801.284645139092
12215.553014180508
13531.04637631356
13963.096517284575
15645.000804478497
15849.866302433747
17967.687786735132
17773.569772460924
17667.555385942374
24886.667191645105
25069.51951957441
25394.470624366844
22991.01482824347
22930.96242606101
21089.128228851725
20604.15867406236
19374.816165246626
18953.444529097793
17809.489230846422
17322.35028553955
16031.193216364654
15415.029971548032
14036.60134299217
13409.470049663312
11988.914298896101
11520.563594524248
10462.335942737434
10534.127081829054
10198.094771551348
10891.67274835417
11039.199961112536
11965.194195446304
12287.73488942436
13355.76086565496
13742.738844456477
15291.849643390888
15636.789287586345
17627.495967803367
17170.19044942467
17503.834424207955
17703.39047497807
24386.097394912533
24174.283581426815
23819.899254261887
24296.67051164109
22311.410480028557
21948.151787419054
20391.450634315865
19985.070956833308
18896.62022718487
18463.751145287664
17355.828947586706
16824.64421962441
15576.31023801421
15002.006308890152
13726.047539638394
13226.994060260107
12082.93107955096
11946.532267677352
11308.155418666533
11709.760003597785
11641.50858434158
12414.184228986313
12587.069641241475
13470.755780189485
13781.15341867334
14872.50430383348
15368.809961084788
17131.167283644427
17267.287237953664
19496.496044851716
19224.488139037512
19067.237668091366
25221.563753054437
25372.39537668438
25634.543930924803
23465.568731388637
23317.029519737465
21583.21448850175
21048.182119405174
19931.874544946528
19523.30917311738
18518.401083294757
18091.56278135343
16974.31899767517
16465.59268120033
15319.568551111113
14873.629543929957
13762.862089401488
13501.49573721441
12687.538011180826
12787.71287058611
12493.175877216143
13023.151824386789
13081.717665892513
13793.760140188611
14016.66574968718
14895.700795665136
15239.693301486364
16639.655042875987
17039.804435109934
18804.42886364277
18442.82733135507
18763.058752964313
18955.29951675313
24601.238527752623
24428.11456623088
24136.4342059071
24493.48167267625
22789.91345086777
22394.50671643898
20989.201024058137
20568.360620469015
19580.666761244946
19180.137017325873
18223.439171754137
17782.40336670036
16747.839506311113
16328.360765496722
15351.566932275678
15054.360018492021
14204.148829571057
14140.1621482196
13594.845096094981
13877.139068995066
13754.431503452864
14326.403937135683
14416.892350981328
15132.365475158098
15387.061298198814
16340.82242988516
16822.583161531988
18316.15338896853
18484.286781762148
20250.09017696649
20045.15029981413
19933.53360432743
24974.721340880067
25033.520324893612
25145.688860871487
23664.226100145068
23413.917959371578
22114.327106591798
21654.73846152283
20619.945726520767
20220.013050220183
19316.972253951353
18931.22201200688
18015.607021755757
17625.311507609316
16738.61272722424
16430.537292523048
15648.885444058978
15480.325010184499
14876.601576154853
14935.842159062875
14642.597268776259
15003.410129060374
14981.573192637128
15536.349505466773
15689.600663132282
16439.742279330396
16748.4624878285
17816.68082854749
18187.896741725872
19436.66165327473
19272.029444313568
19513.125236173775
19665.844803856868
24529.326991781305
24394.454939647952
24173.538134829334
24362.69227244112
23112.21695856408
22746.670815476595
21650.082767435175
21246.236277314623
20340.254672468294
19974.057195885904
19147.798997852413
18796.21687764125
17993.373141032418
17693.648441743524
16969.25678628254
16769.30426128798
16164.319182264044
16116.87129290902
15701.202116741699
15881.424356327478
15714.787913457336
16115.932486464331
16140.804200860592
16719.266222480397
16911.42293556395
17720.7460521401
18036.166759171207
19095.88364680209
19268.40389053174
20469.67819426602
20366.689846775942
20312.210475817737
24948.944839110587
25039.53253157473
25190.181809121943
23899.252947287394
23726.88176400077
22620.91596590938
22249.752526726807
21326.739164753537
20963.448073029285
20172.47676285717
19847.90118847639
19118.627488831484
18834.226370151966
18172.141537376327
17956.408716545488
17385.67171400217
17273.644932672083
16826.82096558556
16861.60057388294
16604.30536314849
16833.002811887658
16756.250875565434
17162.59351759065
17246.972788765597
17853.539093401472
18063.404505969615
18886.794535478613
19116.43580641336
20110.509020022117
19891.881493492627
20078.274031389756
20186.984036249905
24397.92507632226
24297.633351942546
24146.71920407941
24610.070260861234
23355.33936930442
23192.54525338488
22246.537973568287
21933.45265630224
21141.34056747814
20828.144330674884
20146.59174046505
19877.920847285768
19271.60694470131
19049.979230970475
18517.59153185212
18367.686538868154
17930.35655679828
17892.648954019354
17575.77441247196
17682.859881230943
17521.7470856301
17788.367764691844
17757.233848497017
18199.75432634812
18304.239923364225
18911.683113356765
18977.022543871957
19874.284299600757
19806.18829240782
21062.202649954168
20927.30722120646
20834.05153726926
24302.63113960726
24257.23425199789
24220.779594759675
24359.57354926451
23510.338572344404
23176.820700001834
22827.323924434204
22072.843861214347
21804.020846717343
21113.744267067294
20848.606789405487
20280.190075662715
20054.26489171417
19555.6675456947
19369.98974528013
18948.94215394565
18850.523548742585
18539.382596429143
18560.656780132784
18368.599483082624
18524.434928553983
18439.28219358066
18747.2318811606
18764.84112684986
19234.295400517905
19201.973972499185
19346.9262242399
19876.575921247942
19989.299398018928
20817.264897668934
20862.87918183556
20855.93422540063
24275.241391855383
24251.21654642073
24234.537017067974
24173.720063206703
23524.06705166124
23076.100335042498
22769.518956696025
22731.80302658231
22065.590156396876
21832.092772844328
21245.772323134635
21036.237276269414
20548.653684775298
20361.870880165894
19929.744578721482
19795.47203284194
19462.288460768723
19441.958506207397
19228.72549883655
19326.256860018653
19204.010462794693
19414.461268755556
19376.633046447336
19741.803360134156
19731.605278808347
20169.303134602847
20118.735245813783
20292.944327817655
20273.21734366861
20708.551754187396
20791.964860151373
20821.18751706594
23536.79869495666
23381.581513807556
23422.28555647383
22856.26168644941
22730.836229949622
22169.81617925177
21984.5546653487
21521.91306986053
21345.556014675374
20922.51431112929
20753.84430950017
20396.91184992034
20322.4546122069
20090.85435286805
20147.385804568024
20013.267866366965
20154.99212620946
20072.084436239158
20304.751371103575
20262.518089571327
20573.49217420463
20387.155338776018
20472.54193492374
20619.90270779006
23325.890298762042
23218.346370988373
23133.70932036865
23373.292940652278
22848.424836686303
22816.971169915938
22425.90952447915
22309.258676136044
21925.31084759117
21770.724939803542
21387.855294984984
21265.031915873515
20988.86157705692
20993.2339259831
20857.34341958283
20956.79290912529
20856.025931958975
20978.989680081846
20790.948261970978
21003.567097281004
20801.39164348669
21133.970869435707
21012.10185586144
20971.552321658164
23273.493735169734
23230.118251080927
23219.53382966209
23366.88146207259
23156.649678197406
23196.612228162932
23129.06678005389
22858.888754816966
22765.31219429834
22457.744126707912
22354.750700499277
22053.98033540827
21993.539895469148
21793.09115974131
21817.35099060638
21702.154778227516
21776.39370596357
21609.73609104224
21446.185510093208
21306.997362761307
21041.110960092752
21140.20768844633
21083.3806316781
21051.905098256084
23280.73707077357
23281.232086845117
23346.084180061855
23589.520896167443
23662.56564795142
23627.44235442975
23527.360842434042
23593.209406703107
23380.64395121822
23337.29385985225
23148.385497447587
23088.88270673267
22858.737092850897
22804.739622657922
22586.811402286803
22594.892895563265
22460.249778388967
22460.40268207086
22370.34233722952
22170.30512740783
21593.621193888383
21296.905011921433
21169.14309645922
21114.428928064557
24059.730587270235
24029.233347948983
24058.323299328677
23998.10497812108
24012.368577758396
23905.78259441553
23922.043912119738
23793.392743951055
23687.666407375942
23495.10923594237
23327.41878244534
23177.220689247348
23093.254241167182
22905.466619188144
22891.96634945748
22853.612171814944
24142.334439550435
24120.447976761523
24113.0576936307
24277.865099073657
24238.63830987802
24293.26502504374
24259.483097712935
24227.48561297039
24073.46456438714
23905.024371402364
23674.37786838479
23525.272973031777
23362.727129130046
23183.837350687474
23142.55747111608
23116.772834364907
24151.818185691158
24146.5534395365
24166.69544849679
24307.783050402966
24325.29484983363
24370.75781536682
24372.250080231017
24330.429886505986
24192.345408728637
24005.217902423938
23777.690048068554
23607.493631112193
23442.15847396113
23246.65312493621
23188.98426642006
23160.803466969315
24162.581343950787
24169.1752649351
24204.742470024972
24333.950093219424
24378.88078781024
24434.517072760347
24449.494986060414
24413.533946671465
24276.778914362243
24085.655334880885
23851.879333913694
23673.60000535166
23494.254048005747
23298.937162341696
23225.44662018735
23191.31496447564
