11608.242637498004
11774.236090707936
11919.86139051894
11896.942038072906
11945.539748136141
11955.88684690836
12069.07713702388
12175.49468068368
12392.536810190133
12592.086676332727
12859.035626378145
13044.409209160545
13241.570428380466
13264.861765499767
13214.302220706062
13154.493296611545
11461.041027924979
11714.093686898972
11970.41352518229
11877.241400437928
11967.928481003271
11931.402004642066
12094.079231220907
12162.683874490396
12433.187978385782
12597.328093120283
12915.161031765703
13066.320940833602
13326.88287744244
13292.218556108506
13195.290361458736
13102.935350479773
11140.700714439688
11545.278392946437
12112.595544757549
11809.180294365786
12043.467218165033
11861.134708369716
12178.22408769361
12108.295323139566
12539.588566648818
12566.425450773862
13031.315715173463
13056.707067147363
13499.29867882397
13309.002931394743
13133.828755128541
12991.140769980502
10493.91015664347
10883.32794914904
11230.627355046183
11469.660639162255
11379.158457679072
11545.453090447672
11532.428224487698
11814.524919533646
11919.078552436777
12309.549178340043
12466.725769451068
12835.539822143437
12935.330312270613
13228.778656058788
12936.136025751652
12775.97347803673
9365.935474468328
9450.665472471863
9534.629131488144
9606.479825998827
9911.156128520199
10297.18741400848
10748.267859805905
10734.08892819619
10887.417841110766
10858.65476134745
11056.961061731316
11140.54886722633
11479.130886190029
11682.048890756965
12069.99361394704
12254.80329635453
12585.880822555027
12617.636211634375
12564.569598367447
12569.380041694054
12720.479561202152
12886.69210186353
12984.880218135271
13041.40756510201
9293.993209921897
9421.349047406833
9548.52417900795
9464.666860156438
9575.320995999498
9731.629695009042
10009.964540777532
10224.208629938224
10224.450475472553
10371.12558060514
10421.285160344014
10680.960743433434
10869.76201901343
11247.790677399129
11501.19816128319
11871.470147618162
12067.537933042835
12371.747809349681
12387.217563105947
12525.548933859398
12833.567370200542
12991.993756861268
13057.240973191154
13103.991663378994
9132.166862671842
9338.01993743363
9687.656998333443
9385.851105636697
9487.490743265143
9391.627576370569
9589.355218299059
9617.229779761292
9761.10889620884
9803.87607860622
9999.565561038991
10150.132123534468
10468.40159694003
10726.386657640816
11113.458136870287
11382.980341671737
11751.256905640766
11976.1244694079
12338.4385434296
12548.361794538218
13057.41859519344
13121.292669372642
13138.741284566051
13190.763744458885
8826.185915721755
8929.213379899671
9080.18811032359
9153.81522316311
9001.723719017291
9058.561704450547
9037.72616692991
9170.169447092156
9214.556655819197
9383.746788757519
9505.908920276257
9772.940745812752
10003.699168326953
10365.55437730251
10661.006866031277
11053.528856525107
11345.761781376708
11743.263396206148
12037.825236448369
12498.66586871822
12804.921226972941
13245.805324518355
13203.328298021735
13317.313626183719
9510.463916797891
9445.20307875691
9286.50903838038
8944.650765341725
8701.674110996517
8638.72099801491
8795.103157637472
8622.40408314671
8619.00407809186
8522.039937590022
8596.898207283959
8619.574987126447
8770.621004161958
8870.815663949406
9102.27025360206
9306.214736630365
9637.935752113905
9931.064117593169
10328.704981857536
10656.348558068725
11074.458765314843
11407.920965975087
11861.911264836646
12225.527430129885
12721.138205012881
12979.915645641438
13179.814387980483
13511.905204627552
14004.688341169953
14390.558504748744
14584.637726997667
14683.432179386238
9582.68525752106
9568.665344058329
9490.106186715058
9069.16004530262
8725.861908348837
8404.228470767941
8304.221602879246
8252.477021796089
8083.616975442732
8083.777532414872
8044.735713947279
8151.043348530004
8223.916611818911
8420.390501336828
8594.705389149418
8900.84841748408
9182.18729531151
9578.412598687277
9925.46123842161
10365.364122112833
10734.272629361269
11196.371300503206
11585.370873492937
12096.436506951584
12499.87205926622
13010.849482282207
13312.107339986804
13749.83711163444
14293.752536677677
14604.279048180637
14727.564585898836
14790.20258867593
9624.819265999566
9688.98772232725
9832.64114524348
9209.523820180562
8887.664896926914
8346.271811481736
8103.150754006785
7796.860136733446
7678.364245013983
7545.899642024289
7571.225383252607
7577.0985807510615
7723.584894282342
7851.651153977014
8118.616521016868
8381.683311937279
8773.187767517858
9134.887916256024
9596.73465559833
10003.04886828338
10494.166144293515
10917.720201013952
11431.312436241958
11874.61375115628
12427.058187317178
12887.520901140202
13494.56947057154
13955.144524285763
14645.580932624462
14835.883005665082
14888.491314510593
14914.959816921464
9509.186874793275
9510.792661600197
9480.600092080555
9234.637219894177
8659.933725800633
8244.354529816854
7768.40806709653
7481.05395900506
7197.023811172592
7097.1322497770725
7007.370026782926
7061.457062762767
7116.385212634231
7315.844071347691
7527.342191334426
7897.703833361681
8266.302048571437
8749.542017421274
9192.355096428066
9722.13787844314
10190.664081086547
10734.568225023917
11206.928476208319
11761.247437364822
12250.535939410087
12857.449713238659
13390.658307504204
14066.597791560438
14552.15510571905
15096.99839132451
15037.527603422697
15022.124358677707
9417.663066480163
9437.23270464767
9487.798969513504
8976.64206655973
8534.506994476427
7939.980706767154
7515.936078847912
7079.941172719792
6814.770119538518
6575.77951932616
6511.064060087284
6459.6853153595375
6559.994246461662
6685.226568056942
6984.9028852037545
7330.006544462174
7823.106720063469
8297.683420799658
8867.038992014122
9384.64284540488
9974.054863780877
10492.874353616864
11068.417226105976
11571.880420628897
12160.654033923569
12699.742487882639
13371.082526288787
13950.75755290613
14618.70031595821
14931.638748411942
15006.400915235638
15038.87048131326
9271.012651585212
9246.821688968743
9180.641959764056
8877.890296983087
8241.776029903449
7716.310580518284
7148.228457159255
6756.903642685182
6373.460162464816
6141.4524123064675
5947.667303270096
5921.683755091862
5928.341623157208
6112.50234664818
6370.747237951602
6833.26786061549
7322.208129198201
7929.781635759663
8494.880509137103
9134.778762776663
9707.845497244964
10332.391811009957
10871.281902477831
11459.125819921685
11989.715276413572
12624.392049379776
13226.660318797818
13965.280797079473
14526.121430024892
15083.548963926933
15085.73741076737
15100.756236440422
9161.939994413331
9158.988992371294
9173.191317064284
8619.169709774316
8070.16906537321
7368.347091793471
6851.633888675725
6357.688599559573
6008.100759234166
5667.537583565087
5466.844357862417
5327.016333777705
5368.536166274996
5483.836378159434
5836.042233657913
6285.160832578443
6906.918656268054
7520.660159646976
8214.46539652003
8842.107073312987
9522.464583109466
10122.930527022214
10747.910395517776
11290.961291717942
11897.011027314047
12466.334088187668
13185.403615261856
13862.362013719221
14609.898428617016
14985.002647436644
15086.930428720014
15136.331348005546
9005.03427336073
8966.179976892281
8876.768742441169
8512.920837732252
7775.604385583533
7135.118860157151
6494.67900373332
6043.141349396228
5598.017914086882
5276.282488603662
4963.561164185083
4818.194169144336
4774.833573487677
4956.620981477587
5283.265868012871
5850.495878833115
6469.733013759364
7214.922022231691
7903.349507428189
8639.484867009214
9296.705742078173
9988.33557976766
10582.043878658773
11200.458100981086
11761.536135283444
12415.870650408304
13075.316134652905
13906.044488662927
14557.830121790317
15154.722126698922
15180.170176399652
15207.94469240496
8877.023888415288
8859.13949092587
8846.827745000905
8271.26282432615
7647.037762761394
6863.070581940882
6267.877888112793
5707.075930019412
5278.291554416122
4859.081163801611
4555.693062006707
4298.78711054984
4293.083522797083
4444.546288215717
4880.281058723897
5437.034375068658
6172.008579573614
6905.364391054388
7699.364703080285
8409.692768990082
9156.213018207794
9819.412233942063
10491.871808287977
11081.036720097109
11722.376421152163
12335.36574180342
13102.521361419494
13850.687037921858
14645.497911500554
15053.821466540336
15168.43762880016
15224.96120482983
8704.110627511916
8657.319554937996
8558.560879978153
8183.608959519214
7441.156145963913
6751.219113627396
6043.245711564399
5498.232529539563
4962.903076031464
4543.967788309873
4144.934726266774
3910.396546580484
3847.8814083372326
4105.462765993924
4541.630469168852
5200.661663818712
5910.717851973415
6729.058006850648
7488.269624115483
8279.77928358704
8994.44786359593
9732.037051378482
10379.859973670926
11046.076030226926
11664.302735914876
12370.300476397775
13081.345116309167
13931.14204137786
14595.314421626948
15165.161781424094
15208.271423415188
15243.120822095783
8561.432148703223
8535.617518535471
8506.338437493498
7984.173866112619
7381.284085441869
6606.177287425048
5948.060128860136
5294.342959710875
4766.318852615548
4250.665471583476
3864.6569512782826
3571.4192082861478
3587.606469391828
3859.505654853946
4403.249773679654
5039.595168945743
5813.477084298746
6577.590466189104
7395.945744893018
8144.613228598835
8922.107955111955
9626.923993599796
10342.696385652027
10990.731822759331
11693.445758755242
12372.417334827456
13169.856431989027
13907.445355837479
14646.379889456244
15032.224321944486
15141.7727050767
15197.425830596343
8395.514725014724
8352.249348520269
8265.917448051947
7929.8442810625
7246.898292876061
6572.4464063924015
5826.726990374798
5204.295334368749
4591.777565659655
4097.889771462676
3650.827372393519
3422.9744739208422
3441.4998202592974
3825.5673099112246
4364.207510773696
5062.756503569415
5780.473464257392
6580.048903499612
7332.805625002572
8123.081371859322
8850.856164706036
9606.362226952822
10293.134939653026
11010.433451921263
11687.079505483603
12448.528587080425
13179.731750808189
13986.558885411056
14594.437095176318
15096.791813103033
15134.276288306011
15163.16292413236
8260.183608695123
8239.43214795635
8225.842054190141
7768.536186420023
7214.279920759853
6472.806695923718
5808.427013544187
5126.223068839431
4563.3543751267825
4026.835307964856
3652.893743548596
3422.070434950529
3538.704647396965
3928.663236311737
4533.408471623023
5180.0088772321005
5919.655088317034
6642.927124056022
7412.290031317481
8131.332844396526
8884.668866873966
9587.960556941247
10322.755308043525
11008.088951185955
11751.478367004363
12458.370501674399
13249.98993111328
13954.726007915953
14622.3867929515
14957.766125883647
15040.527048849877
15082.216128469941
8082.979306934517
8029.23869970635
7939.592417508295
7679.645311926727
7036.694550510315
6444.0244480644515
5764.071626220415
5194.756206686882
4617.87570033501
4188.952739033649
3843.641521705769
3718.483021825403
3831.1553862936353
4275.755884632768
4820.511594186477
5476.215540834572
6136.085228826195
6858.40307979003
7545.97949218619
8268.983435684786
8951.233417738573
9673.365197865485
10356.609018049983
11091.280165896638
11779.518072070357
12522.174445592995
13191.18577687441
13962.920704958291
14491.299366847283
14967.325195891523
14988.319745646642
15011.306685906273
7923.353757354971
7842.236398298614
7696.953393838694
7356.181698271027
6788.674787371858
6246.318406821178
5832.76985169299
5323.8171681244075
4903.728953092415
4517.004678682338
4310.352463452995
4219.208793990645
4396.217279618391
4756.764075510999
5277.251177709293
5840.046343760274
6487.490612612672
7128.606423272079
7811.128502566381
8460.414303413509
9143.046411678217
9791.543542501704
10500.995873269792
11179.47529003726
11899.186126845405
12488.222223330073
13051.869892825804
13734.251327559112
14288.426042033774
14704.3752202179
14831.450334702298
14893.69092978971
7799.045302621498
7685.649198587836
7474.1061037493655
7067.12819142181
6542.022739059915
6156.176116067933
5927.817392130096
5667.686220633898
5307.669853712271
5081.543164292044
4912.184169917703
4931.199921464826
5075.709710774858
5397.366269029164
5803.371991326824
6330.816178376646
6890.418659514822
7522.489118732027
8137.9354853705045
8786.718347771292
9395.97422763966
10048.372785930665
10680.215933393873
11392.800285919842
12012.906070690658
12601.043758195376
12969.065287343605
13519.014219359464
14088.00567067129
14512.843788452501
14701.464543837625
14795.130140269626
6366.306477099291
6224.957107892095
6218.398230803851
6028.516966289835
5867.818683867646
5694.11795248087
5671.5866100716885
5700.798575780024
5874.586925547173
6100.86861432768
6457.015833406554
6886.113785130332
7425.108548605605
7986.147354692329
8605.008800374257
9183.708626643629
9789.226967131297
10349.876095625987
10977.017026598205
11580.749620139779
12191.584556513844
12595.814455973117
12844.741392396765
13203.2936405556
6318.10504999949
6296.580396448665
6341.235050752901
6401.059755754795
6318.274109938475
6380.502542520593
6441.651635517655
6570.481840211284
6694.451698299056
6919.826323095732
7179.515700233147
7584.6051147638045
8047.652578037168
8609.352012560063
9159.096948656865
9732.770662530458
10239.754388434114
10765.837051302282
11224.137134673967
11808.060278863972
12246.849382020675
12644.03573940965
12761.183375079438
12953.335101264815
6342.383778978218
6366.443970192753
6442.800029812915
6581.913275701835
6742.367209705369
7004.881006467125
7294.313128871056
7424.969858931893
7606.375215403048
7777.586291695943
8063.758217141422
8400.491533325194
8873.556237437811
9350.875419826209
9885.033892367921
10343.980642623945
10811.635746977896
11162.234062078307
11461.326000153098
11874.697624891342
12226.945273865356
12518.350096315893
12648.52828496639
12775.056463615989
6396.731088247015
6462.701534945205
6621.217880950235
6933.979556329172
7370.476560101029
7745.6168969474775
8056.171722415492
8295.443764572641
8458.044872218232
8708.704686274867
8978.369789848366
9381.177920378084
9770.667356446696
10236.883361920922
10622.947663723258
11035.219919978437
11359.480114367581
11659.025694369791
11801.2566834794
12059.698180668891
12289.817160945984
12484.420042916388
12592.059432197337
12685.033532958934
8087.253738593187
8417.739033214322
8736.089657999411
8958.205807010161
9210.891466862646
9463.463198842173
9829.792799318457
10206.067038712006
10622.824242637294
10972.693079740702
11303.76622094275
11572.89742212311
11830.548702701806
11972.71752235193
12033.781010260616
12173.55249729021
8582.136642675428
8819.714344972772
9072.475613021938
9373.977968141935
9623.929078553067
9968.45045368728
10317.054703993585
10757.720150734662
11109.035042613461
11461.6207915745
11681.621541887469
11916.284320013143
12053.907967128249
12158.658944934034
12158.37109276453
12214.675911486172
8829.84783004817
9000.027828873557
9211.556152944006
9485.07543254735
9763.945719660822
10108.202128817085
10483.180076025215
10904.350951354972
11263.344022687754
11577.61875166269
11788.03786579804
11972.834684748419
12087.20557981387
12159.983316683676
12170.477859893463
12200.289503874988
8965.451415749703
9107.631426128044
9304.759521875245
9563.748184817905
9852.545811708542
10198.84514266712
10582.449529359767
10993.03907086116
11349.774020191144
11642.846451232164
11843.40695997917
12000.480204265043
12099.107986722462
12157.144999699152
12171.885856139463
12190.32165904917
14699.81192999992
14949.089679593284
14945.870062878595
13254.042759967051
13915.53287545806
13153.747276841616
14374.18296635685
13675.299396174241
14806.857559601944
13976.79084926918
14799.762271604524
14218.79199358349
15374.7106100191
14417.97558601161
14291.49730977448
14262.155962789771
14518.592030810332
14959.795145267097
15238.041257250987
13006.066022122759
14091.789160473165
12927.257901813127
14649.798768533949
13445.335483650868
15080.815334306992
13768.04641191275
14973.086883684655
14020.241791722288
15632.531159708278
14260.735851256979
14237.659370427307
14241.594823723188
14058.371633620129
14790.566633472752
15659.24132354764
12607.747761654373
14395.620100672497
12568.71442201785
15116.281842827068
13043.576404866066
15526.734268750402
13403.202037034962
15257.095310196944
13692.735014570182
16033.107777059051
14013.018929524982
14221.240293516032
14246.97009577571
11988.825647923453
12193.128154820868
11996.89348138734
13286.340324892717
12001.292276363358
13143.885657104454
12317.248187045176
13917.258347960746
12719.719282589074
14259.024111174487
13041.853431984506
14374.278715752092
13561.548671713515
15457.590251505886
14861.627297879464
14342.268264515084
11812.689653235599
11857.400799060906
11694.444280122332
10705.388502542246
11235.219347460534
11803.044157711729
12476.182729565448
11282.66131213061
12124.465500481567
11354.58712470863
12594.389008581129
11778.201222549646
13042.310400806005
12261.66658998883
13236.699625756155
12693.368953213285
13876.669531577714
13136.91910864489
13405.231578290757
13433.7282972802
14099.528837171596
13933.332236188293
13921.516761131861
13945.786099211762
11771.489125055326
11961.445214191548
12024.333478266119
10405.508515416366
10796.666226777914
10298.956499479431
10473.739597944274
11299.821303163922
10629.91739900628
11329.699223910784
10878.388241102562
11852.085873961774
11326.467152973133
12369.70286181188
11864.63592334921
12800.749418645135
12458.888010790324
13616.477952074712
13533.185680748384
13304.608980932559
14471.98832941641
13889.44439661125
13915.316704006687
13971.794017343453
11455.903505955755
11922.905819395031
12540.831208549655
10058.352922049266
11085.734883866066
9833.06817111305
10585.293351474753
9987.03260106398
10564.734325159521
10128.696680641819
10738.9613292021
10456.35510731524
11190.547933931366
11019.744256359321
11843.798003353259
11682.311367870943
12569.921506282313
12344.717380933578
13551.456194272114
13023.435790996979
14936.774960954566
13710.87853697973
13938.069050696331
14070.81684044271
10017.060888161814
9979.509979644648
9753.799251802811
10605.569153534632
9503.652806137265
10064.89874272603
9402.34136366705
9918.940274980003
9519.391485951899
10043.944597270474
9779.400692058463
10388.439941051707
10263.393607316611
10974.89242692873
10920.701337411443
11704.325826999617
11623.825660479364
12513.241929907435
12395.76263468118
13602.755461496256
13307.394455329997
15046.228004281431
14666.84640417337
14502.57421291032
11703.132445096306
11600.13904987083
11317.36886046774
10008.440734193213
9845.086429144729
9862.543522644733
10306.532375688521
9121.907091887384
9614.877258354614
8902.565280751545
9336.36446362202
8928.127135071925
9404.154236505618
9146.706031350835
9679.220830974835
9559.917559528067
10196.065850783572
10174.425403938309
10901.53240303947
10903.726139510554
11690.895087315617
11675.619865416225
12638.315154719134
12568.404055021441
13777.230862056387
13407.161579953994
13804.385928933665
14258.134398283848
15307.46484152449
15406.241359706224
15436.922723583719
15470.543172125104
11843.019169711055
11868.71590767403
11768.570927546836
9940.814667026321
9837.478596193363
8885.784921836268
8734.042144486471
9213.804585096663
8467.158002657105
8848.3910835595
8367.27478537207
8788.97608407297
8513.464679539942
9007.539111348835
8862.63627842118
9455.432087271958
9434.872193947349
10120.307770137879
10169.572325740763
10923.183755158963
10975.189010238308
11797.148672092333
11848.783813510629
12844.472211336932
12826.163622363903
14071.741436134113
14275.440841491896
14478.614096164929
15804.137597656416
15432.449695976364
15462.733692190865
15515.199187203812
11792.92384589761
12031.701994802801
12368.501126144281
9711.879569291557
10215.013487440721
8722.46669381133
8984.664900073716
8163.4863480485255
8396.834058561622
7876.196418032739
8217.348941968054
7885.60860055422
8331.136286864745
8145.526313419062
8721.599806741626
8670.014429225226
9350.142282380975
9401.025837100271
10151.334284361506
10248.700987609896
11040.190762244745
11151.75722578672
12001.55191259121
12117.902243824077
13095.260758943288
13187.079877827302
14477.808135192934
14337.326627667453
16289.510283754618
15303.402895429932
15502.67035594428
15633.622342387958
10367.507898171669
10199.017524394256
9918.779214895392
10465.572870606533
9030.194301245576
9081.189099282994
8107.405966767924
8168.8907382807765
7527.466157808423
7725.365437912407
7329.9651406820585
7670.364694606638
7430.865847847086
7913.571874372639
7839.310084062851
8499.645494808628
8559.34788411885
9317.661796524864
9455.382616083896
10260.046416013914
10425.389656082465
11252.8414749717
11425.584543363724
12292.442626747765
12475.244774899107
13495.241833992819
13674.826678709534
14994.88295243722
14977.041320840595
16807.63483490945
16553.184833298
16393.891457974147
10567.214555859575
10678.44462288862
10870.784567157078
9276.51283806572
9340.054046986646
8232.353956592291
8166.405364073815
7394.114890294093
7418.211865253684
6903.58951549555
7119.009699205228
6795.4129501599045
7170.0320787767305
7019.467540112641
7600.059042889221
7657.993842001179
8409.54516399005
8592.516130632903
9414.326490612124
9642.131044701126
10479.223920126191
10716.269545747262
11540.532807848544
11772.748135401149
12659.138726660607
12912.64176813688
14014.246095028739
14236.78247407455
15611.554760448154
15305.927492425844
15554.10454210613
15707.879907576384
9777.305382096498
9621.29747367801
9373.771200485624
9685.752816733437
8467.455475481345
8360.1307725112
7426.819674474223
7335.252304749233
6692.05065315364
6720.912008311501
6295.729895020736
6531.543894919866
6286.693510540411
6733.567861879065
6733.341926716505
7460.0864843979725
7659.656884155378
8510.34907061745
8784.138570125324
9659.30844432575
9950.499810413166
10805.310622224893
11073.785072648669
11898.951876136964
12175.536732712348
13123.215901838495
13452.616375465193
14693.010779104354
14859.167097621528
16376.82261730068
16245.960495296193
16175.196643048494
10227.754172359138
10351.011820393993
10573.088843436059
8825.999644580615
8825.036726873119
7638.728373049385
7399.348997741338
6651.313038539767
6556.755026185578
6006.524031855047
6069.097295677505
5704.526428311251
5994.198345507539
5870.20682435172
6498.861908645264
6672.415408642463
7555.685859609928
7869.286180126413
8774.59836838058
9120.41231087603
10016.102288636053
10352.14235712066
11162.826086168594
11469.942747479909
12308.086588921173
12642.316316764023
13857.446501234479
14198.966056072088
15706.798957252826
15413.872817620624
15670.863502180737
15824.99258368774
9549.615334899885
9385.746927112974
9113.743882736788
9414.338636286897
7908.746575548056
7787.182355143274
6753.583070407652
6571.878372678959
5926.387192997118
5834.7384778000505
5345.857414558094
5444.539065472252
5183.951165282152
5603.980302352305
5701.37543802075
6520.22761049871
6859.610680248728
7839.39031706916
8222.813023115257
9154.837945022397
9551.315644958537
10439.863524602873
10776.238794346518
11581.961109245773
11924.334610353706
12837.122570789426
13320.767171662415
14743.081064910646
14966.934454168657
16637.204920974706
16460.695454372228
16362.946471476243
9846.583975972895
9942.59842725984
10115.55465133738
8481.912959975582
8338.811367957911
7138.114678344608
6785.3657688185785
6016.106095302851
5816.964403098655
5224.061037683887
5166.039726864448
4721.68026635471
4942.000808343159
4880.8183576417005
5556.055730176502
5860.4469828885
6819.065111235853
7277.540904927988
8237.638782917547
8694.053299219719
9613.626912375808
10044.34976101291
10869.573589226862
11249.151248033868
12081.952539237844
12487.557887880814
13680.414584580183
14152.067531085164
15588.089060649254
15419.904492702184
15672.164872097006
15826.652619023589
9145.291489357018
9014.93152348021
8795.584487995706
8993.07447192355
7730.731558951133
7394.72265656352
6330.777793956113
6022.977882965459
5315.243142344776
5105.819934614658
4558.975214992808
4547.202971346547
4298.022779464623
4759.599031941427
4985.409438781206
5848.721487654799
6311.3053846046705
7320.048260898087
7810.933296472354
8757.883483725593
9245.164048897566
10142.609142175588
10567.466363313326
11390.148247907104
11811.385016200033
12729.143052196214
13277.95657830667
14589.99609838198
14905.513518564076
16295.324984068728
16167.718920467363
16104.68411538282
9279.24670728371
9311.842920884446
9379.824370781285
8247.102449427215
7964.683331773659
6895.733073749656
6472.298443942332
5633.044279678978
5307.263761827003
4641.629652246288
4460.164678114565
4014.2042413771774
4223.190789580266
4311.51937474047
5021.585518529734
5451.246828465136
6383.002506813617
6929.334805235663
7888.469820373542
8423.7710719641
9340.671451350994
9843.607461345282
10693.414137810192
11151.38297615905
12016.72194283478
12506.625553982447
13551.01629215745
14072.494171952534
15200.377589149039
15212.324129173632
15412.77860521553
15543.999456965015
8822.909115036702
8713.371962541123
8533.745643995551
8598.347150394384
7547.784302027617
7120.556887383317
6152.246158693505
5734.309975356086
4958.7946819465915
4654.198496654807
4072.0600145556623
4031.158367659909
3895.249153167354
4436.029112199629
4790.1875725706
5625.019519846122
6150.402436370796
7085.184160003207
7636.508568713525
8555.957390263253
9089.866347199091
9977.07727352102
10473.424543674497
11326.471539821763
11823.102743764715
12764.745139402095
13306.55546188028
14390.264290412242
14761.891060193577
15782.172115800098
15736.453321597679
15721.10689996748
8992.59495868151
9043.883671761734
9136.178685689178
8115.653338472624
7824.026568506094
6805.802169782737
6340.43798480049
5475.549529131401
5085.549036190347
4410.457178835451
4203.851690940641
3850.051644860322
4120.067943107327
4353.352209089687
5079.78128469852
5556.809281459763
6413.022707975401
6964.077233102951
7839.733760010954
8388.009347295423
9251.64127320407
9787.564866935314
10637.456044367731
11156.295488584636
12040.170239007259
12577.464297493823
13572.154117944334
14087.028523859877
15090.009077653713
15096.369386973274
15267.30336731821
15374.190922474958
8472.812846968445
8377.782025555049
8240.242560759627
8482.029771929743
7380.332332826714
7042.380823685139
6111.836451227775
5709.047936478366
4969.26606803553
4675.95814731614
4152.09539677338
4232.463647587681
4233.36924335613
4793.816408608086
5192.218122803692
5946.709814069216
6457.591516965089
7279.774917315806
7812.1168319338285
8633.090225064392
9163.45427122382
9991.313150839558
10520.839068371799
11374.676919737676
11906.634017392276
12803.228930829031
13284.497421588718
14358.603308071919
14619.530268396264
15731.302803199938
15675.154273062632
15643.26287825351
8363.565044551517
8313.014484256379
8261.526991513398
8246.376906398275
7399.334281560296
6849.89945210537
6384.398220801794
5678.114549603383
5389.006758021318
4775.616738221862
4570.476552318039
4503.183531584787
4857.11508899239
5100.941507287103
5704.6912931922925
6142.388455871422
6869.905977373427
7386.931211911268
8152.547339995934
8675.59326039359
9445.799445929964
9962.670506020986
10783.644286773733
11323.539742500536
12175.54518625466
12565.096315932073
13153.819610416724
14167.285778951726
14663.869520957425
15487.991272428126
15564.219358317121
15589.03157659729
8306.77080755041
8261.996484523075
8200.41433165606
7954.088065851739
7141.8573322953425
6575.743927076116
6267.368880831097
6192.927735712354
5650.127885726103
5515.3080005884685
5143.45156438607
5332.204603897988
5376.213343280627
5787.334198162732
6073.365629530891
6681.034914261629
7129.555445063381
7840.859561125483
8345.013920141957
9076.313867811932
9567.850544574085
10312.480348082945
10827.763073962305
11661.82248614431
12142.143074285428
12872.142125003633
13112.203532109754
13917.97552348967
14609.804116691685
15294.642802374772
15437.413854345641
15503.578558318235
6933.670556606503
6769.018762978917
6795.7036131412815
6392.042556056851
6335.751350964742
5993.710609151265
6043.7415782739245
5959.96198346412
6214.537357786099
6325.618373993219
6745.394297793298
7082.365351229386
7702.77756014744
8169.901311342569
8866.992595319722
9345.141117853396
10029.309345784364
10486.166199571653
11213.675060134652
11710.572507193474
12428.079396920026
12650.964466653228
12867.601673680809
13359.61822068734
6753.3552938474
6680.926902406167
6627.826550419378
6893.524430698408
6595.791616971682
6750.911443276212
6677.169667124459
6872.960117463506
6881.619024405277
7146.448067274739
7253.080849144842
7781.215361883644
8182.562128598822
8827.14692788015
9300.835609953438
9943.40209053484
10363.240151037564
10955.424194915378
11303.942897100067
12002.18736657531
12308.864932727653
12907.097605923245
12927.04063923367
13073.6726996942
6732.801792014481
6713.720386414196
6727.685317024518
6946.978519230337
6995.308483180491
7373.297432723048
7578.878566962228
7601.771751165458
7810.527036471146
7845.806557370572
8188.139567311184
8456.709435392413
9049.579403662694
9487.651559051703
10066.38329612689
10452.300807320305
10969.352500359177
11218.936580573374
11506.598139579286
12054.477591027928
12387.983377070557
12813.966596088178
12877.253357024534
12955.568031883771
6758.430131975152
6781.135996712964
6885.474365400001
7303.536356171224
7807.723708811884
8164.750725128736
8219.384187608715
8507.127819182277
8581.070018478385
8842.785747414235
9056.675828672855
9521.297159595644
9889.429678436065
10409.06244233344
10718.63831462755
11162.835603288746
11433.687357438492
11746.305598486706
11886.705808007473
12317.47209753225
12575.328279669211
12800.81837491036
12856.519395928235
12909.176094359225
8630.87514807855
8819.748237218406
8921.353771354088
9093.214183699816
9343.502259145507
9545.232815977159
9927.348045043915
10300.848904024202
10717.544262477162
11079.001629954402
11375.252378921501
11632.1435257967
11878.623805375124
11968.790612107856
12059.841083475898
12326.450038247098
8994.982464159264
9077.639248524882
9124.734578545753
9462.949471490927
9672.989027221005
10001.022977929506
10341.826227959562
10759.210178925123
11119.754510195302
11453.473913640648
11670.706787453935
11883.696971493055
12028.369327516193
12075.778375728958
12104.64556009018
12208.671523078878
9074.583400996
9137.284898933724
9208.821962161903
9517.672792755713
9775.889023348085
10093.819397858195
10462.950309607784
10872.68579496919
11244.188697792146
11561.034646080578
11772.712265351518
11955.798803094987
12084.710536028086
12102.775288566436
12109.995097391235
12164.733261589468
9123.480972766221
9182.63831439827
9273.26898944324
9565.305463856937
9842.529055896675
10170.632074284667
10547.462571331665
10963.523664836735
11332.366980388104
11644.76519077156
11842.874674935112
12011.37126517904
12115.011267021184
12123.533777559218
12118.904711288613
12148.614831309584
