13721.420349770116
13918.917255333792
14088.580539804418
14041.449396599
14076.259262869924
14053.46669932743
14146.11973839196
14210.607642205825
14390.6815608562
14527.437230154894
14740.503140896699
14864.159957866337
15024.104380801089
14987.456823120385
14879.679531909544
14773.449741220387
13546.251498252908
13849.272549503334
14156.44580287557
14021.406007146503
14108.737153243932
14027.11714859762
14179.612940078741
14193.148979733875
14434.104087390891
14519.26298001129
14791.318838617075
14870.910482705702
15109.160204695345
14999.041241726436
14832.747778781739
14679.9113190752
13162.672612222506
13646.625024599633
14339.976436582641
13942.040773557505
14208.455301477668
13944.404561001878
14286.673676797092
14121.484115635454
14554.75284952673
14459.059875132874
14910.280192602215
14831.631685859149
15295.938244497904
14989.089451915383
14720.053745854057
14489.232921931349
12390.43215506888
12835.43227163919
13246.355202060018
13524.385828824115
13384.181523797964
13555.638222933914
13478.4446605612
13741.651450880216
13751.030363338987
14098.201043584944
14159.70970699423
14508.827808254904
14540.188998762069
14834.077413710791
14404.653298757474
14127.639725887206
11230.337163154765
11302.637866996867
11366.431412814345
11397.8392808191
11705.199844788045
12119.968354704159
12645.635184156754
12599.712238670762
12762.068139339039
12684.69809701032
12861.18015115465
12857.887980242445
13144.49448093057
13250.19499848158
13599.393131369297
13716.745050198211
14034.348064123978
13992.37574380127
13846.838639507268
13749.31908741597
13819.3069877231
13939.159322299383
14011.060709186399
14050.924696052432
11168.006252448658
11283.238844531967
11394.291923872217
11228.096839628364
11295.93275708245
11417.498439296734
11708.41016676273
11935.033938562165
11896.963139814019
12029.521274976185
12003.772320440525
12206.631663110882
12298.700729851658
12624.786751096246
12809.166593514572
13158.60692184608
13304.364772106635
13597.29317117148
13524.94831147509
13597.293299927429
13893.162806403197
14026.792447260283
14069.51817571908
14098.183493753168
11017.078103289912
11212.26611473624
11590.092339398283
11139.2608005271
11185.69088850128
10984.004092450476
11154.800361034408
11123.217374193462
11247.212393496446
11233.258582686465
11379.044721553693
11441.516875151261
11698.799536077175
11880.283196178643
12236.37820798753
12459.407787493617
12820.34035502164
13010.79323060301
13376.024124044932
13555.213002045404
14121.000544634813
14147.265995346539
14132.08159972511
14159.833456519127
10705.446870461383
10758.907880566701
10872.185253270914
10875.010702145604
10584.480975320143
10553.228342416229
10427.203991185781
10498.210016313473
10471.999881400106
10602.388090742686
10648.829846568044
10857.08565645628
11008.082124563743
11324.931127732245
11570.037127665111
11950.623896959158
12219.750346921814
12632.368876592516
12923.79083721097
13428.47202807424
13748.836882710124
14250.124894874727
14155.27436119131
14243.723082395847
11438.832508438267
11374.047129144445
11205.17393330975
10826.839869362695
10560.469304827147
10451.480027141637
10568.239335865888
10251.724368685313
10122.48467075364
9870.655365164906
9836.112375452482
9738.943813274669
9816.216386830585
9842.585387665888
10018.744749551766
10145.548864319777
10425.166665851852
10660.495464239979
11039.980792517681
11346.812125137923
11782.313760723215
12126.153597813756
12628.071311630341
13021.836765005504
13584.696734762203
13857.806832033686
14055.67554863028
14396.197502896703
14920.905715594188
15338.29053217092
15547.508891049887
15652.385597557246
11509.136201078745
11503.445924473997
11423.674908755615
10934.887007022184
10547.491157975055
10161.25917966743
9994.525614450471
9832.698225922451
9482.870195283593
9320.094465025688
9108.017416757764
9081.652688723361
9025.321134932587
9147.879956583673
9241.512707922175
9490.053896339608
9707.16839283644
10078.577311655008
10405.83599572814
10866.869413227381
11256.619244385836
11775.518854985077
12208.827720629704
12796.300589952003
13250.008834736394
13835.512076366615
14150.331596815471
14621.115470284325
15229.967407294085
15570.821598089531
15701.859041914786
15766.05142483054
11535.126258841603
11625.57816231816
11819.607148754172
11070.925409987478
10706.657904567384
10059.142098147378
9746.15636473883
9294.635739193185
9010.315214826827
8659.498120570575
8487.89379878419
8293.072567497813
8284.859680938738
8286.456865563665
8475.65271073513
8659.954789613168
9016.493363290567
9358.746963250389
9849.225365499273
10291.516911281109
10855.86353125537
11344.156147765758
11946.75835399736
12460.381281020376
13104.668742507476
13627.84499326175
14319.922576740626
14826.800285516321
15628.33113701
15827.413003698737
15874.806246891932
15895.226387161876
11354.041267523999
11365.296114526962
11340.534148198518
11063.814689694855
10388.193809429638
9899.85083622631
9308.102492200138
8903.074243001316
8434.962220926409
8121.551941704376
7768.544604781879
7578.958346970018
7401.3875137146
7439.971266291896
7527.124118012301
7830.724810084633
8168.874061971532
8689.54946941198
9190.70362348631
9819.316743648766
10381.438989103624
11039.107816813077
11604.535954553461
12265.29915271083
12838.187493216356
13545.03237378412
14149.573424581127
14923.601805230042
15470.215043976985
16113.088707146997
16022.742494754897
15991.986505021663
11192.17126052162
11224.595122131512
11299.80188713236
10698.445230746027
10192.800957083042
9488.230368412878
8963.799369428374
8385.657447354319
7961.618534062719
7492.231375755667
7147.572599351524
6770.4943311468305
6574.617185432397
6448.435761735311
6591.7720356383015
6853.35847136326
7376.549398877581
7933.697522168344
8637.63162338712
9289.356960330855
10027.108686029022
10672.010224370657
11377.318311534302
11983.843749546395
12684.445211653332
13311.674618761284
14086.930158176305
14741.504825623702
15509.248266624096
15859.331634954146
15936.561619672697
15966.366138826788
10952.526153139044
10931.12391854635
10861.430209193722
10522.06652266131
9787.164255838341
9172.737124379257
8473.602292197218
7953.14389412241
7394.687564012412
6954.344274147527
6454.934278522644
6060.652943109236
5663.136838031983
5508.7857303530645
5517.400539723678
5931.51865994141
6517.545581616391
7303.778058499765
8053.90122797993
8889.91603079797
9631.12820576903
10420.0670335015
11089.48403100082
11805.436796495815
12438.248536336388
13184.592077656429
13874.88164722696
14717.66570419181
15346.101123159475
15992.965681026239
15979.29325976987
15987.194980806908
10739.081551187224
10743.72766580464
10774.592088127787
10137.689074670421
9522.095289919089
8703.846336336628
8071.0722040127675
7425.458979267622
6912.654313205004
6350.12346606786
5862.9812535491865
5308.626314633926
4870.804829106444
4507.83423436946
4536.612669146046
4967.2956992550435
5814.789416496656
6678.341665813526
7627.560487086153
8472.966166537588
9358.79140814182
10127.130408453122
10906.824096396762
11570.464650840608
12296.409071206057
12961.566605654514
13789.264444774113
14548.153505699818
15392.073021777356
15806.338270602822
15915.034648599534
15965.20582461467
10448.22539394621
10408.433677749374
10312.395011805807
9916.852431980415
9093.476149179904
8368.919082392804
7600.194842190188
7011.665178189615
6383.950891678745
5845.733677926547
5236.66092099857
4689.118272015525
4103.994604803766
3714.695281906087
3625.5606266732543
4309.916998516476
5209.402465992265
6266.168854698378
7225.931187776981
8208.552735726817
9070.39933883886
9948.45538287769
10689.348552330373
11442.375082403723
12110.262850488092
12874.063939318343
13621.216307172186
14551.909512123117
15266.759913330416
15944.97646506864
15958.664061245134
15982.5818632549
10209.792636756101
10193.747720259747
10190.769481947387
9545.095452197207
8868.67863444681
7989.877408833327
7294.50488389418
6594.942455163205
6003.827105714511
5356.8459806045075
4766.464436723992
4119.123520347556
3580.4664100590962
3114.024828270336
3198.8568191532167
3899.780792940579
4924.497429653278
5952.540052089894
7020.198362143648
7961.800023181112
8916.718796756659
9753.55429113814
10580.136572571451
11292.019055014238
12049.23330408638
12755.112281032527
13619.811580363601
14439.69741904514
15314.430523800213
15755.786375182455
15878.135991834204
15937.332182973421
9973.537696207808
9923.339626149753
9817.136204714547
9417.337527235755
8609.58485703695
7856.832800034148
7048.7444559172545
6392.767543805698
5703.545149987301
5097.701249106447
4435.914226031545
3858.789251080366
3304.1524859535484
2992.332237180821
3149.006629602354
3899.857523482646
4813.989007369013
5878.145743572662
6865.003552931944
7869.040109181111
8767.05614518146
9673.521792906822
10459.519972786353
11251.557720587687
11971.126678826773
12775.35922737302
13562.18717460425
14490.137218273672
15201.82270547223
15835.319099360882
15871.295023712411
15905.16149792235
9816.107775872035
9792.54455383688
9771.700631912983
9200.367718198882
8567.481840650826
7734.081895931168
7012.831175335503
6264.749747279085
5622.794303809337
4952.792611541245
4366.931818174434
3775.980868486127
3362.2256984131004
3134.3314440143804
3466.6346991071377
4095.8869593630716
4975.955712870981
5891.859661590428
6887.11586274246
7803.960727925801
8745.017644893092
9591.965868518282
10440.334176722265
11195.996661043053
12001.160926632454
12760.765077583064
13635.99428072385
14425.902907585407
15223.570408295529
15635.872446570238
15753.959358848117
15814.124083342631
9653.953973498219
9611.391654727746
9523.964057188414
9178.523408155193
8465.599419093562
7773.801880707555
6985.920401537447
6315.976696146385
5623.291272711744
5031.191722168654
4428.613872240067
3961.2331692025423
3590.6602316462145
3568.6815726075083
3887.1598034902963
4518.421695504363
5245.850858302028
6120.486362596993
6977.073192964302
7891.949595078456
8742.17221900852
9621.520513835696
10415.205516821978
11235.028047449707
11995.66657442685
12836.863630129343
13624.623360024938
14487.584457230834
15131.49794534258
15687.46701077758
15722.213325429375
15752.448563458773
9543.939140180275
9532.414476862392
9537.090904098024
9052.937181789272
8506.656451060499
7766.544091569359
7107.550030033805
6399.620445814027
5799.220100075564
5191.655859082198
4701.070795764026
4265.533392534186
4061.609141166482
4100.952978685866
4475.809810398974
5003.5905521265295
5701.423988264878
6429.402128443881
7246.35316554693
8033.754502732715
8875.100212173169
9665.187567330759
10489.447839404653
11253.303851124234
12073.919779646989
12839.907726040981
13686.632603950682
14428.389884494982
15146.759119849028
15509.704533218215
15602.263084725897
15649.194779658135
9390.490487894805
9345.850214109278
9269.070249300274
9032.216690051762
8399.983975079434
7850.097964590383
7190.177131827498
6620.474341916977
6010.424365596748
5514.714321672781
5052.385500016395
4763.995661278933
4623.486902520146
4772.976354915305
5093.825913939688
5611.68480987537
6190.879351097658
6881.018484410498
7570.324828352702
8324.319312403382
9049.569475011715
9832.117549334269
10574.967361591904
11373.115587465987
12114.223451049094
12907.241900893325
13611.26224005187
14427.169583251822
14988.371067368076
15525.929873537209
15544.031413805706
15568.139503016642
9250.677956653732
9180.694449175895
9053.239374633506
8750.300195130145
8236.757804865532
7753.486535333684
7369.488874023804
6851.837529775599
6390.90852247869
5914.199522427837
5582.216772436253
5336.699548083869
5319.166587626035
5445.483782142913
5783.841053419789
6211.909914571781
6765.359234232199
7347.824446170688
8007.0402899240535
8656.318411003434
9358.753337744727
10034.814399096516
10781.622048189103
11496.608421888335
12255.31137058511
12870.881174364153
13458.97751939222
14172.229508364911
14762.520770939533
15223.634952442391
15365.811170468787
15435.238190252878
9144.842740702272
9049.212391167515
8873.216175734577
8536.487568497823
8099.1661007725
7751.724529475305
7524.262190457655
7241.358779112797
6817.8307165702
6492.328494236723
6190.006998155809
6060.626217293336
6034.384497490146
6191.675577011148
6454.8763852347465
6870.504455100945
7338.3858444250545
7904.064602897093
8476.058605508604
9108.581086654267
9714.398939886132
10377.12143636096
11021.454432789238
11749.794142055254
12382.757941937141
12989.683980604419
13369.590036247491
13937.891473410495
14538.449184184341
15005.568114881782
15217.816013728849
15323.407253184963
8002.592599887263
7858.5733805208
7831.0975340934465
7591.289471281211
7362.22951828217
7089.462349279102
6939.18322668058
6817.683618797775
6847.497780736966
6946.592512583073
7200.280771367033
7535.989924569358
7997.783370493056
8491.441019376949
9060.275524933575
9606.946050934841
10196.554466126474
10748.17666814997
11371.584791272187
11968.902815009344
12579.561922360921
12984.76656648037
13242.114224299889
13610.450095026721
7968.5095381504125
7922.071803001889
7935.067381438947
7943.572535346755
7782.341435533363
7744.492825045308
7677.708187620042
7673.514670139428
7673.327866947228
7797.443353001664
7972.9296534167215
8304.964077501343
8700.336147224501
9201.962207313974
9698.067220313204
10232.355601172238
10709.941369296701
11216.660501948178
11656.933203545137
12223.929948305267
12649.390723488243
13053.561680360066
13167.748359521009
13361.990695647874
7977.634974823289
7977.261589325604
8018.258731147567
8097.47845288295
8164.687878384921
8304.045542362137
8467.96595926664
8489.768425193402
8571.890484696443
8662.626999919272
8878.359982584014
9153.499234117531
9567.156120685724
9990.85571485992
10471.332112496628
10885.31310519412
11317.029083330859
11643.013996606727
11924.064731439445
12314.808859813791
12648.908066020002
12935.02185735833
13062.27234282855
13188.866835206556
8017.882200392557
8058.836535820347
8175.523417167498
8405.485214381366
8709.528801007516
8949.43323998917
9151.727834053365
9302.106684572922
9387.576500995945
9570.949649111688
9782.219794734146
10126.641002775328
10466.784922440935
10881.496962336509
11219.46428316026
11585.16784251145
11872.952642862396
12148.45058903461
12278.356027976186
12519.332026167598
12730.104097492604
12913.015338064586
13014.206334853374
13103.98367210116
9296.12483963518
9521.228809460645
9758.77367090538
9907.211185097
10094.360173959623
10289.635633876793
10599.65268397782
10922.931317739032
11290.339505734099
11597.705227049219
11885.26044016384
12115.32421442204
12341.149164138866
12464.717483274299
12518.093792826032
12648.475190463536
9685.219273566756
9852.570504945752
10047.239952422693
10287.840353983007
10478.597712687364
10767.485363627646
11063.178269449601
11450.038055995008
11756.637723134949
12067.359986817175
12251.593289395963
12452.900464128901
12566.07085092635
12656.759457393568
12650.664857324518
12701.168014725363
9875.049772063772
9999.49043043738
10165.339822942584
10384.412941766344
10609.79491909614
10900.699412306783
11224.531152911735
11593.509108591186
11907.864469643948
12181.968275035391
12358.918812721899
12513.771215900028
12605.862372460842
12664.703168126798
12669.000526812762
12694.457997871947
9979.640957413008
10087.491975765943
10244.221391684683
10453.368141853307
10692.519634558203
10987.27337513314
11320.975561577645
11680.5587063351
11992.986252493145
12247.497483627245
12416.190324185789
12545.609199386165
12623.107317810844
12667.190137409096
12674.48199120447
12689.021451191958
17004.830607917134
17310.431073813146
17300.623559685566
15165.184512102012
15964.264225207258
14973.384239481122
16446.745037083194
15497.370615369115
16815.84328881113
15658.517169032606
16568.922400260315
15740.302967232303
17107.593968070887
15848.353475293332
15670.580523987423
15617.200146410501
16782.693854104502
17326.008975587458
17668.42447621382
14856.574328513676
16185.556761649621
14690.567519296668
16790.959646880292
15207.884064582775
17155.30271363949
15392.579290910002
16780.793895200764
15485.38079574994
17423.353610871727
15641.596492596434
15595.192679830456
15579.15194457485
16216.146474748919
17117.701496916598
18197.86400758722
14359.838681406625
16566.381865395168
14242.161514747537
17373.351010365564
14702.932892694549
17709.410926824276
14931.200289089618
17131.238777276834
15068.253416244168
17917.491750337645
15320.130165195767
15563.247795039155
15563.5128761975
13674.25665570139
13888.062966838279
13631.345040928183
15223.152497412178
13581.205532092958
14972.432098083256
13875.631026694378
15793.701805144845
14176.2471136687
15973.261795546827
14316.48535584333
15883.141406865332
14772.51146232578
17085.414636687812
16310.540276137697
15588.243778238248
13751.913032932815
13791.579855944532
13567.184262585166
12261.44078652621
12816.000319347191
13430.692830560682
14249.139834296024
12716.903194189039
13738.992266746767
12727.758588571367
14214.470817532747
13083.103334501035
14539.612747828829
13412.422222809204
14505.04550915216
13712.436127648376
15105.96178322335
14098.749035694731
14386.894895015908
14292.546873126452
14977.854805235305
14681.858023612464
14640.52937983114
14656.23231431423
13715.243554105718
13930.320970361952
13989.1904623248
11890.736543740797
12299.55964055404
11578.302346143651
11740.091689452509
12730.036421233453
11843.115353553034
12669.367525989863
12014.557920829991
13117.131106992822
12312.296053823882
13476.65042230949
12710.25204660066
13775.840393216582
13247.631278864072
14619.548739677466
14423.981479337379
14010.991034462302
15388.287581639639
14601.560377325242
14618.041719465253
14674.079893032274
13356.342628681943
13899.839502205874
14653.976764929179
11464.165519635759
12669.857577165423
11008.206519200552
11872.40004073139
11047.857543381644
11712.029229367883
11092.649502105205
11758.949395941205
11276.179478358972
12057.139307530573
11698.779521656463
12606.547949781261
12288.889727946524
13305.356196934357
12931.8918676867
14360.635805992017
13614.418046113844
15951.36569008272
14361.521737037177
14630.684095238828
14772.287902694947
11656.034337931615
11519.932841965334
11202.218058315073
12182.231647063221
10694.731228271807
11295.16904416976
10359.803322207043
10912.024043384723
10322.936884640547
10896.561478749196
10454.563626334311
11091.464736755299
10793.212231755759
11549.505782330778
11354.180819849791
12228.115113840744
12029.734950227996
13063.82355739647
12839.701388855872
14285.75768052811
13852.334837452518
15992.320558230651
15494.900956238482
15233.66791197524
13873.29540290459
13743.840213095471
13388.991075002663
11743.296383347897
11521.340744110268
11458.628415094005
11956.868300045398
10365.62973173783
10857.733640380091
9830.102066261583
10245.920522625625
9606.862963894373
10090.031817561363
9662.648296350608
10214.678477569549
9932.158482854113
10592.85848496468
10431.079840692697
11224.789933883145
11122.890790990681
12024.284549713168
11932.16501270924
13075.663379741858
12926.119097454119
14388.913501805378
13875.630686020559
14335.639259831827
14806.710929477273
16011.16300893541
16072.613724958084
16096.493507473915
16130.517279119213
14048.857067213045
14080.328043976879
13952.964793281004
11647.51861989463
11508.680208004176
10286.809188309066
10035.671156703555
10532.676233166289
9451.588572985895
9765.414377158259
8998.327457282438
9368.21856211345
8874.12137138893
9366.766918259895
9056.455332639302
9662.043074055586
9497.830651365104
10231.559421730517
10184.546296671819
11040.216386061331
11033.508011890292
12005.561898889817
12016.611650682702
13213.552046997702
13139.557285571791
14652.218417577307
14838.755556203892
14998.334098066161
16592.122540979337
16085.92184464105
16115.822037154558
16175.8220183642
13988.083705107922
14287.308031720679
14709.99070460455
11362.255240488872
11981.625253122767
10088.807137483229
10372.841584806001
9255.543042151889
9404.144932088499
8563.468603406878
8787.825069366509
8170.57349187939
8538.148607622656
8144.629998543829
8718.32424261721
8504.879360724788
9221.129599525793
9172.758703876056
10024.275122222414
10079.852102770337
11020.612964899214
11118.926316465479
12142.402492583898
12248.088921924458
13425.45318675171
13488.984226432754
15040.13149059375
14795.123252764937
17186.518853569956
15913.063165789668
16154.531917368184
16311.623607493986
12208.467570298792
11995.029395819698
11642.810189114462
12315.001320701047
10495.08675144109
10535.246161698546
9273.75315447044
9276.069462505
8347.007243973236
8399.054104036048
7665.377874588006
7834.783044227985
7292.135022565796
7684.481994965496
7411.825472457059
8074.831370579267
8025.066439319088
8888.059829191472
9007.291223674827
9978.342430659977
10161.467486323307
11172.374290976402
11364.190797309457
12415.32637502914
12606.679700527093
13830.983421123967
13994.594565346319
15579.116629376727
15495.729600577952
17761.717898419334
17434.504752207155
17227.896372379695
12488.104618279996
12625.808602894353
12866.314279671426
10847.852781727364
10897.24387602213
9473.525728834826
9339.694539493034
8303.065614542002
8219.048659191274
7397.148079331671
7399.953559601354
6686.568742071566
6837.037801278496
6370.999788711751
6861.582851289507
6764.942384963493
7606.752847844345
7798.41469081896
8813.944434236098
9103.270855520695
10147.177331104156
10440.786618812128
11454.741129624375
11724.284848007414
12795.70346798954
13068.30107219398
14382.381626983297
14590.498635159753
16250.392880340773
15828.089067039264
16130.524349548248
16316.998299877974
11549.472214699479
11352.420677604492
11041.468620048232
11440.328772548748
9837.921999712713
9636.346028027361
8406.823272479407
8210.426077880305
7303.541200955125
7173.629013591129
6382.540056345537
6315.4303992639325
5614.594872914875
5793.62470014411
5488.797115184506
6223.365585093896
6447.94633203742
7528.998302972365
7914.141051166122
9037.645522742194
9427.749162283963
10499.834656308385
10833.868566929143
11843.408070533498
12162.25996879948
13297.837538280544
13649.895291916391
15121.949589482489
15256.954524643746
17119.728891507613
16945.165963157688
16847.709615794098
12078.299197577307
12242.571416801198
12532.522162917236
10394.272334214476
10369.922192784092
8745.1335107555
8355.764623226947
7339.5353656464995
7108.272444052023
6273.245362104633
6103.058778346209
5272.2942846654005
5149.508978573471
4513.955162646917
4902.647538073595
4974.606628222404
6132.293329346671
6620.434216231348
7823.4546275079565
8317.960942503381
9465.923322498362
9906.817738454936
10913.838904999498
11286.985749505367
12299.426929909027
12675.885211547236
14121.302366520758
14458.843063436307
16263.070084435845
15845.022779733446
16154.611480318623
16338.720928155382
11132.668479658558
10939.167786633969
10615.285601403433
11048.161514915153
9253.24305166159
8927.801079703775
7537.184008926081
7219.136645717679
6310.620032957743
6039.693208065387
5204.608614407803
4953.343019593012
4112.135893356239
4031.283950429032
3680.2072667599773
4656.546883641544
5207.690710218353
6544.267078431848
7125.589338512074
8342.929816630849
8883.24404832543
10000.365159425843
10425.394468272334
11407.197783596126
11808.09563905102
12890.732691241088
13420.576490037562
15090.377984063549
15268.932480388654
17307.933857923595
17071.62865750899
16937.319000717504
11409.011331368092
11542.342553706365
11775.057651971369
9797.92312677663
9629.87403810673
8031.743204816114
7537.177241140966
6528.520669090285
6184.721910177551
5314.421930795597
5010.749774340846
4128.296697978288
3873.1554058482257
3165.8042148893373
3547.60091577631
3939.297741301819
5228.494317486316
5917.708957029645
7181.82141485165
7812.061632399411
8974.348348235282
9527.58477685288
10538.497123945916
10995.901235844827
11986.713434769377
12441.409121127816
13832.101646182124
14305.472251741723
15990.878045406293
15718.991044124426
16017.222905070577
16198.053909237153
10459.009368758712
10298.529376634546
10030.430172601538
10316.654507522575
8719.084672840268
8303.937880633637
6989.487183551698
6575.026300017198
5651.417664614255
5285.930380165853
4436.057624266385
4118.705051581777
3341.8746162380576
3292.0860744611014
3205.003005658519
4198.634132002563
4810.196146001155
6100.272548966282
6761.111943158121
7948.991155970595
8572.227858361044
9669.901935626502
10186.77540960894
11167.127210696572
11650.076038443369
12713.222649680929
13301.06667066939
14804.172599772066
15081.62741829798
16757.814027000597
16581.251162807963
16489.287125745705
10516.127099720628
10562.616673071449
10656.938382324068
9267.905121066651
8965.458832606555
7703.598795967881
7216.946105084452
6207.740903598553
5788.8391201268005
4924.217891811247
4572.544923412904
3789.5757588511506
3605.952214448763
3170.9890912405745
3710.280895318612
4095.747527189713
5163.481121174888
5819.2149934335075
6979.355063852741
7641.8174233571835
8747.284681360245
9353.435501953709
10360.88374440056
10890.282686662422
11891.369673001502
12424.971904398955
13603.016471580828
14128.974137634397
15419.060004607774
15374.63428519631
15607.063754697765
15758.547256568398
9913.365751789395
9782.251076285937
9570.606536786278
9683.422803188112
8459.697401677598
8026.3425240796005
6928.863442626635
6476.455210284751
5575.295270951343
5192.473405369761
4416.846702906866
4157.639379938092
3605.7777656035
3777.3364637260806
3886.8972525056183
4683.397062545501
5187.712465212639
6222.3941082590745
6842.187725902262
7907.950429828411
8529.567876371468
9562.82100376264
10131.997026727933
11112.832377695386
11660.551109069595
12719.555908960992
13280.278904074652
14488.63232296809
14842.506513236092
16060.887172439452
15989.787891373593
15959.964053978341
10144.624358976722
10214.961220728823
10338.457029617071
9105.534617273064
8848.964562496043
7728.634637855105
7281.237950667302
6339.098214835037
5932.1948669048315
5151.3940915045605
4848.73298640725
4251.176487672724
4221.804370696234
4087.77792585257
4610.095644053965
4946.91887270549
5782.6121631302485
6312.491773439639
7252.453255941657
7842.254407476504
8809.666250249746
9404.781855151217
10362.278051535584
10931.871413339659
11918.94100620308
12484.839221812294
13581.824751843971
14093.619585613667
15240.01814212127
15202.367333639135
15402.896650050432
15528.898837515913
9543.492392820861
9436.611561934273
9281.080505085649
9631.26365281922
8384.559325990953
8116.676522953864
7133.80744352688
6757.0423733965
5955.199658016888
5631.121426814716
5014.7376818395305
4882.503872613673
4591.797471179663
4874.275120927615
5032.51570228097
5665.733852064385
6077.010710334733
6879.87051707619
7391.0931504230475
8254.189480105599
8805.351059946985
9706.975670628126
10272.155198280621
11207.999926879555
11767.168371242004
12747.920552762358
13230.67576977741
14426.88539962429
14663.28040557641
16003.286940110424
15925.35848809636
15879.29395680197
9425.435327752413
9371.411264921479
9320.003574515125
9363.222499856265
8456.020174042987
7988.0872778148705
7566.780844958476
6807.072283457932
6514.107619487609
5862.345722771064
5665.991073465137
5282.344914935646
5382.3698361927345
5369.987739957714
5798.724423440963
6086.688083366713
6726.260844863413
7167.62432586678
7914.766978975514
8419.760694196984
9216.784180135372
9742.47678499793
10614.401789699124
11168.927044504439
12086.458993236361
12471.467663103944
13087.332107593536
14188.980843720465
14715.3266456656
15703.451643497792
15792.79878700666
15819.33279181119
9370.839632088313
9328.2377375285
9276.022959718928
9084.439919640186
8309.643358526548
7784.930821456827
7466.814319408669
7405.798004198022
6776.52640652566
6587.875369273557
6123.209514861713
6103.408410064046
5943.8164540551625
6194.857914871111
6322.46228900436
6816.742729148537
7154.660240833308
7797.788827413563
8241.001413951055
8957.518619541697
9428.722382402588
10190.52221130734
10699.87732062474
11569.806548583456
12038.307453646692
12835.93000166474
13064.85679376425
13894.273039252394
14639.687628405054
15460.5301746394
15635.284917623101
15715.01520083621
8210.005283003953
8040.884490191818
8074.532510685497
7561.996332819421
7471.229671267934
7016.226125232405
6966.023229519058
6711.782427635758
6828.29788819292
6808.868953855762
7132.252534446235
7347.459981562149
7875.500481149981
8252.035045093831
8892.357599854771
9321.182386731023
9989.173157258581
10420.984126832282
11155.341716154857
11625.862591938376
12376.662686344227
12572.84459132133
12800.85237212022
13306.813677007129
8003.1469252108045
7905.762051824601
7833.973537745341
8094.381520814448
7676.16878154688
7762.172403135552
7550.011853290764
7633.737951550102
7523.444361592137
7717.248210907408
7776.891998476554
8168.1060925058555
8452.544170069656
9012.994167158664
9410.851884758662
10005.59380220496
10380.411669268897
10955.185788177932
11268.239864759358
11973.125729923686
12243.561484212596
12907.297128225344
12912.363952301785
13052.312357480783
7962.215691320668
7927.602910768102
7928.436051490616
8119.527895888642
8050.271755714755
8304.114743413144
8411.786591621458
8330.96844419336
8474.139750494785
8473.811178000693
8756.684436421465
8937.24193303998
9395.852396890943
9728.683744023616
10234.25955792109
10556.091368211686
11033.656555263873
11244.356068110066
11504.538035639063
12029.544268890768
12336.059658667924
12800.644231608605
12863.160407840527
12939.597693872061
7977.836162857445
7988.481507500896
8076.906531995488
8428.12653803109
8762.171729836115
8971.543592247424
8972.346638885909
9198.1136158136
9203.454151423231
9427.064272571342
9592.652468474778
9970.472045263929
10231.50292147054
10668.977750473947
10898.757795636197
11288.134979350149
11505.153348875674
11800.914310891601
11920.242690122079
12313.616899979275
12541.215988896822
12784.739923410965
12842.191816726176
12894.133880706706
9439.217432260395
9547.82130108528
9629.245077068754
9721.80227400472
9926.743228362655
10070.911231220576
10407.70409614221
10693.049275638916
11038.669732381371
11314.292379022856
11553.137976158678
11749.904248445195
11963.432555224623
12023.551083977336
12106.637635185121
12354.147690747139
9704.518401812531
9750.309879508999
9781.009447542352
10074.176092291813
10220.551318650967
10504.310035876846
10778.974897260845
11133.3592559238
11415.189975944057
11683.865278095001
11839.867219912481
12008.390964204167
12116.214011202514
12146.185642815657
12168.621484945992
12263.97118023636
9759.755249577902
9799.509699559114
9855.742572910058
10120.042367243112
10317.625294803682
10588.495530834844
10893.316400225376
11237.8313627735
11534.073054916254
11784.415582915983
11938.264430722204
12078.173370680435
12173.488810560748
12174.807421455804
12176.954762913265
12226.283599805518
9795.931417047723
9837.808383667001
9912.442509869277
10160.58818635979
10380.32345407754
10658.4778288062
10973.085169382319
11322.086181160852
11618.310337524867
11863.3875335209
12006.414022134557
12132.528174869864
12205.361740530989
12197.360374217445
12187.597303679742
12213.246703950976
