PLANE 2
1                      5 5 5 5 5
2                 5 5 5 3 3 3 3 5 5 5
3              5 5 3 3 3 3 2 3 3 3 3 5 5 
4             5 3 2 3 3 1 2 2 1 3 3 2 3 5 
5          5 5 3 3 3 1 2 1 2 1 2 1 3 3 3 5 5
6         5 3 3 3 1 2 1 2 1 1 2 1 2 1 3 3 3 5
7        5 3 3 1 2 1 2 2 1 2 1 2 2 1 2 1 3 3 5
8       5 3 2 2 1 2 2 1 2 1 1 2 1 2 2 1 2 2 3 5
9      5 3 3 2 2 1 1 2 1 2 2 2 1 2 1 1 2 2 3 3 5
10      5 3 1 1 1 2 1 2 2 1 1 2 2 1 2 1 1 1 3 5
11     5 3 3 2 2 1 1 2 1 2 2 2 1 2 1 1 2 2 3 3 5  
12    5 3 3 1 1 2 2 2 1 2 1 1 2 1 2 2 2 1 1 3 3 5  
13     5 2 3 2 2 1 1 2 2 1 2 1 2 2 1 1 2 2 3 2 5  
14    5 3 3 1 1 2 2 2 1 2 1 1 2 1 2 2 2 1 1 3 3 5  
15     5 3 3 2 2 1 1 2 1 2 2 2 1 2 1 1 2 2 3 3 5  
16      5 3 1 1 1 2 1 2 2 1 1 2 2 1 2 1 1 1 3 5
17     5 3 3 2 2 1 1 2 1 2 2 2 1 2 1 1 2 2 3 3 5
18      5 3 2 2 1 2 2 1 2 1 1 2 1 2 2 1 2 2 3 5
19       5 3 3 1 2 1 2 2 1 2 1 2 2 1 2 1 3 3 5
20        5 3 3 3 1 2 1 2 1 1 2 1 2 1 3 3 3 5
21         5 5 3 3 3 1 2 1 2 1 2 1 3 3 3 5 5
22            5 3 2 3 3 1 2 2 1 3 3 2 3 5 
23             5 5 3 3 3 3 2 3 3 3 3 5 5 
24                5 5 5 3 3 3 3 5 5 5
25                     5 5 5 5 5 
