15239.146174132607
15348.51113054015
15413.222839440627
15257.30634734462
15135.676173599464
14923.585977461564
14761.195617032168
14526.610172073115
14365.310718329447
14168.413519920547
14067.397437160282
13930.884097178074
13865.18557706028
13670.849786018265
13456.358541552236
13269.359117041862
15142.426002143848
15328.58034934258
15507.498044326225
15270.040649236023
15188.461063356159
14921.153617693331
14804.825876693012
14517.86581035708
14400.056761748847
14148.436100958204
14089.526103231903
13906.755797110356
13898.925333453155
13630.596713992129
13355.656873498945
13101.98621293965
14909.749747016302
15217.06444960747
15716.521375465982
15242.058999329314
15306.842887420422
14875.02042068045
14915.41230123916
14463.765992347679
14501.81807380607
14081.167454492343
14165.561738944923
13833.703659307468
14005.760483588558
13550.09188461358
13160.510703908409
12775.027612530845
14425.41274214621
14639.165865522986
14860.796358611218
14950.27581580731
14645.97483467525
14576.124408847601
14240.304618626098
14146.651517334902
13804.735411232221
13750.701034846352
13477.72271523258
13490.3577427191
13257.292366090762
13281.230566897124
12689.168310906529
12142.02947636838
14344.59797596975
14329.292881089126
14259.520911127134
14079.409070498705
14073.88814131718
14194.228267475559
14467.61704881892
14247.546964121462
14179.657456919876
13872.642557534085
13737.611047130207
13397.693864677896
13279.330096520598
12995.21760573168
12942.139583723216
12717.151829075196
12684.92620368901
12358.716907693317
11910.67082574757
11353.09599721045
10809.743850520086
10405.498979905207
10142.32431099475
9965.342825159805
14367.702679080896
14389.751679838058
14384.441179848478
14077.150751739562
13916.482527384816
13776.839567363688
13806.494665724429
13789.51587129899
13518.512839172388
13364.816935255601
13032.204406708195
12852.652974830982
12548.602630720934
12431.618381867233
12199.66204050573
12127.418821686926
11887.018799389834
11775.727344315672
11284.909223113225
10816.041023647693
10542.380651623496
10234.467248855572
9994.748920225562
9801.970854443636
14356.728717305949
14427.87225045403
14654.227424966299
14120.49456371566
13971.212191034292
13576.541275760119
13489.865999922058
13219.892550058617
13058.357852781242
12745.061985675768
12533.631572981378
12213.051134638681
12031.135165572368
11762.628456194256
11636.899481566512
11397.154481417463
11274.77847206759
10992.447202442649
10816.281259823825
10451.075571272813
10452.98200446649
10084.306662060957
9788.60164101075
9536.408086578389
14273.995339229847
14187.049764234189
14171.658657912214
14033.402517562887
13603.133562461115
13366.45015880193
13024.086124810809
12826.885335066665
12510.935650210562
12291.001304475554
11962.622103991102
11738.651430469754
11433.338831039498
11243.355548346792
10971.242740693022
10805.297609927748
10534.631942325794
10377.121779404084
10093.63893238547
9992.3008898469
9780.112727154627
9816.361460403543
9410.195277024251
9126.401863485296
15601.497522724409
15503.580491410696
15281.478355028896
14808.5263137327
14376.195021747526
14109.076936953345
14076.20923429702
13659.711629780228
13376.236948505604
12954.73899424493
12691.82335685359
12339.985374929587
12093.443577553297
11754.00003336282
11501.594829410236
11168.004416207155
10927.929319499834
10614.8602002337
10396.532906320961
10096.238326924142
9896.2400745307
9609.416050802385
9454.935572590948
9227.34292203701
9213.661184564435
9039.528956693552
8840.550356949392
8720.643218024303
8766.804172355616
8873.304136937188
8934.752716350715
8964.010047497755
15708.460638656641
15671.681303275613
15552.664213126627
15029.55001730638
14549.572850673227
14051.413618189332
13757.597292096045
13475.19000370343
13009.087555531436
12674.657673784448
12261.796158320294
11967.446274709167
11591.499326333198
11307.267556632669
10942.532849264078
10662.561572553175
10307.37547007407
10041.156818347117
9700.299644686524
9450.311528561013
9128.957254210409
8920.60702912654
8653.029503077036
8572.139039543537
8463.149268863639
8563.267837735357
8458.757108316573
8527.003548303235
8802.61807604235
8944.09856602031
8985.744770049483
8998.358681377997
15793.162706117248
15842.798390156468
15969.879629635023
15245.472853688292
14820.256615874066
14127.594303200161
13717.746982999282
13188.879078950697
12791.256794626364
12310.450867247793
11946.120881758116
11510.849087726634
11170.634333068876
10759.145735708755
10431.328443497925
10029.874549328671
9712.624134529717
9328.241517214725
9030.047562969115
8667.10347453966
8407.544331664996
8102.281985016676
7945.232595955472
7800.825971197833
7879.526222211137
7952.903053854562
8244.122942630589
8451.767252200776
8987.237317535759
9058.854583178458
9047.70838873508
9029.801443230033
15724.185451026624
15708.60687570292
15652.520981379585
15347.91047502201
14669.149428405724
14136.20403365457
13504.8410626513
13030.845482804392
12488.22777009219
12057.72317770862
11556.962675933904
11143.993931103703
10663.283981838402
10269.573814331465
9805.811300821315
9426.865602489892
8984.493053014956
8633.57599291907
8223.792286293017
7913.414765931786
7564.918935818104
7348.733059772025
7142.078580237846
7144.43620706157
7200.968271968127
7493.533412657809
7790.034323815072
8309.59204732457
8684.4878066319
9179.357224374236
9063.546639084807
9010.643805692958
15698.328166336161
15704.121518669432
15739.443619018355
15160.848244062525
14640.460671480821
13933.913505222823
13379.159985752283
12770.43308380876
12282.598614340666
11734.204871706315
11262.046691969972
10713.12802272841
10238.494337193379
9700.417542592635
9242.320437836754
8724.63544180355
8299.814154646752
7827.016206637477
7455.208445210209
7050.876935534861
6773.963255350136
6501.765787587895
6413.933490541932
6399.8869174589545
6623.60053723849
6916.378953181213
7439.795638332331
7922.284872625305
8542.707703575194
8817.7632274629
8863.547579405622
8873.009631054856
15632.410830021436
15593.333042198165
15505.521909659825
15159.591239495434
14446.180214108594
13829.656227685056
13137.492523944606
12594.395902713912
12004.775062491275
11498.863164176233
10911.779174762825
10375.41746148813
9762.128580940484
9220.150063097537
8613.948104954525
8093.941162827713
7530.330100335321
7075.398353919828
6594.318880294312
6244.851899437374
5902.088565357724
5724.640065109847
5615.005474802647
5741.30823668691
5974.102284558594
6452.873545985713
6977.6447730236905
7687.363229546
8230.97490263153
8793.706038918435
8772.47683007749
8771.034674134742
15622.047711449384
15608.755651571884
15611.40562503963
15007.227515249793
14400.091574702172
13608.274720808358
12984.750460456082
12345.398142066879
11809.713109390415
11210.589910926765
10651.69745384105
9996.57613363423
9387.643197031884
8703.592986930998
8084.206129263524
7405.857132008094
6837.004821255644
6250.418836489189
5805.622821630782
5377.833825516735
5111.241449620775
4900.008929029177
4911.538281331306
5053.344671342229
5457.55600535394
5948.855229745601
6659.539237520118
7342.673739180031
8114.284812219873
8496.204585698402
8593.071949082456
8636.390875410772
15566.196563982412
15518.829783503454
15415.683776898546
15024.145799282334
14231.982990417433
13520.747114328535
12776.752618357266
12194.939584201218
11572.06641400769
11009.284299153109
10353.526930754992
9715.557314738524
8988.301709313491
8303.816373517071
7536.441799313794
6840.694558742469
6119.851351529812
5544.394730679358
5001.5160420425245
4633.538222409734
4318.590505691985
4211.729221906538
4237.630117902595
4545.744538622585
4990.5557824388625
5641.947062807527
6321.985296258818
7191.1485866912935
7873.73530895487
8506.112984861487
8528.387914433211
8554.719437776781
15532.380957456528
15510.773459062912
15494.41611370098
14886.982243837436
14226.676309683007
13377.49025857822
12697.349075005006
12017.63478381112
11431.065036579566
10780.252796036395
10149.358932262245
9412.835805010103
8701.498952366057
7904.207504774688
7142.199852592505
6313.503508938571
5593.782471040545
4898.35802205573
4391.974412630206
3960.0215905662535
3735.220999240352
3638.727495804212
3828.631941625623
4190.31139785903
4778.237689801874
5401.615599979807
6206.545684450081
6992.307420576514
7832.798719855721
8265.8692622251
8388.134102834196
8449.367178441864
15434.125228624287
15385.146731023824
15281.591671670667
14893.713338365078
14118.284038745522
13382.79296905016
12601.00822316197
11958.799877281894
11279.101657152994
10651.900412470717
9933.461035831368
9223.897367521342
8425.029520835264
7656.182188705313
6804.848611756009
6009.619198182341
5193.441498830431
4528.014674395413
3941.3525661592835
3580.01641306106
3355.7247244393684
3408.7748177397416
3638.033259581337
4110.518160989926
4666.341367735595
5379.119999046527
6113.040202866974
7003.427252813247
7701.057931065147
8308.589906446863
8354.354206699456
8392.551486949396
15349.36086533988
15324.491478646338
15297.401375138066
14759.684551855291
14141.965172250657
13331.29319335103
12619.680506153903
11880.486487405116
11224.136953530253
10514.136813922285
9826.306219690363
9048.436445402618
8293.859795796114
7464.410051088495
6674.041352176597
5834.820671843415
5087.162718052805
4372.519720170563
3855.1682431457075
3477.3039221253703
3350.8596608546172
3398.6373800680744
3698.743700177062
4121.577087353516
4736.579635278445
5392.935497662371
6203.198677954414
6960.997456944371
7732.2225096240645
8136.7005210246525
8252.308442887288
8311.783976346367
15224.642755554205
15182.552052471116
15096.83513841399
14760.217542525637
14067.075657762067
13374.622858600544
12585.216608123243
11891.0533449418
11155.237912648367
10476.148499170678
9727.568352952001
9002.469126414891
8208.739258412066
7452.809896070437
6646.266027990338
5904.27833299539
5155.762097680153
4548.065596107262
4034.801484750876
3741.427481429784
3576.435257920279
3662.6346912671124
3884.9635103555097
4321.880598397266
4851.515530063865
5551.1038100416645
6259.893380005272
7071.1973901072015
7689.829081070063
8213.949301042216
8248.327885121713
8276.11306394748
15121.517382556322
15104.805003727366
15097.826842733164
14635.166112377865
14082.234243521316
13326.465629123773
12626.611514265194
11865.299662353116
11175.758090862091
10438.246302333902
9742.63106188858
8990.007667992082
8277.387614854597
7519.802760815741
6818.375100638303
6097.641625203602
5472.626733699346
4897.171952062168
4496.416141136996
4184.375056396344
4061.163490239241
4061.431504851479
4275.256281590251
4601.074637397077
5122.797767838082
5701.334437340507
6425.6173024180025
7096.267298517082
7759.9992641234285
8094.098724985181
8171.9551957097965
8209.708602393157
14966.275425655285
14916.625646855184
14831.925685250546
14579.12276229024
13932.693598740087
13325.447089615422
12592.072887204404
11924.171556707071
11187.60784802197
10509.089039035342
9787.59424378358
9118.142183290436
8412.183088241687
7757.734698603329
7081.8996864082055
6479.482763461716
5892.8211536504
5440.823495512911
5056.812710510714
4816.220051673148
4644.633123862238
4649.828448809848
4754.049653424243
5056.281671314237
5436.909788774648
5974.450384743738
6498.724208599403
7191.31119174782
7675.978556966096
8145.75035383914
8149.141086091572
8162.04938072966
14821.708265478379
14745.741951257358
14607.374619772858
14275.159815649431
13700.328563453937
13110.82813005443
12600.96077515726
11951.738102377596
11313.749393852979
10605.298419322538
9967.477013868673
9306.170469530423
8697.43408567717
8065.194802519673
7492.327411425125
6918.93810407091
6442.188354002838
6024.6534964823495
5733.455470591429
5487.545793349957
5362.2942919671195
5300.5353396505
5400.9803632495305
5582.283720351127
5924.795389184473
6233.570484459872
6565.929706430055
7075.918055839506
7529.873407145584
7904.867193598981
8012.319757715162
8062.8895699310915
14709.565535666203
14604.397817171515
14404.146756912529
13998.604608576805
13419.269468399305
12913.621155213952
12543.84790824854
12092.573998324195
11451.198696428513
10847.981924821488
10209.548606681416
9646.336719669405
9053.997849234214
8512.623246937337
7955.886828548623
7472.67711401919
7020.298885662907
6696.448645672663
6422.5524020690855
6250.231348317292
6102.340437527035
6072.656905962023
6091.571457560726
6273.548791589509
6462.10042161652
6725.929372550585
6817.79979786764
7092.884893332228
7435.648478306715
7757.1326262716275
7905.777611094085
7981.245966029559
13081.28321605209
12781.969092506275
12607.8752562574
12182.813228368555
11695.488721231795
11107.473566298166
10596.253406617836
10052.80130080886
9558.391011486983
9028.626189323559
8548.438646925239
8075.458552049404
7709.181480803532
7398.9764863205255
7205.669395378729
7030.055503628246
6938.427051343748
6851.077717849419
6872.38781178947
6924.179657077546
7074.5368553040835
7124.381226845279
7101.347914794071
7175.578991061026
12804.015560004531
12628.366689854842
12498.075762037495
12288.945262724676
11836.044455862791
11446.58818452288
11004.75447310273
10599.279227000634
10130.182668757712
9693.716312470298
9214.488568990204
8813.974821395968
8449.921885209604
8212.530603383328
8017.928125238777
7910.513801082539
7782.904722724782
7710.083560340519
7563.272073763602
7569.850912335426
7509.614493784987
7536.16479286063
7392.154944638446
7342.910866757523
12640.027027368831
12526.950527368117
12411.79234968109
12229.064893153467
11940.043154006495
11684.309908797317
11492.790464674577
11163.409413559168
10832.407304469181
10429.697024308323
10056.958498375358
9656.918630677052
9363.32097559305
9095.198739704436
8949.24567637891
8800.829317951197
8711.164892212011
8541.97986946098
8274.741656872933
8047.8829334180355
7815.383918035414
7675.910621883581
7536.116210797698
7461.948924703735
12559.090826905089
12478.117490722
12390.149403045321
12276.090510935355
12136.728746362747
12000.771660758039
11920.07508489806
11774.777032661452
11499.740480997429
11247.668072037766
10924.425162995522
10647.303018911756
10323.084503333435
10093.499919864253
9856.501081664892
9727.92481553951
9567.147677638382
9433.865102369386
9122.966859102604
8766.090112519985
8275.875358059558
7914.886758194269
7686.739309963208
7572.123627506532
12326.081734844758
12288.90407904877
12319.120817242188
12223.194468711743
12095.223376342336
11899.736300172848
11723.902892074648
11467.62564909824
11214.932310883634
10913.369162079964
10670.048513135276
10452.116921317132
10287.85873226965
10071.661695827772
9804.355934735633
9515.213319262353
12422.40068749329
12420.641319039973
12458.77224105481
12487.453441677053
12395.338508719515
12326.830359020305
12168.06585055926
12010.636125207731
11725.44206638024
11461.16469287849
11140.917275281692
10927.265200563812
10685.679104536095
10486.44500595213
10242.691146157666
10024.802559294336
12456.701780907832
12464.196339338809
12492.369093611596
12512.969808617752
12469.65863863871
12417.118625853584
12303.568532885593
12150.01971629858
11895.842738568082
11616.968284047618
11307.377828783407
11060.692607212222
10817.706617552441
10608.727176634022
10411.507903143693
10256.535432957682
12474.654728812442
12486.183260364698
12510.776309238678
12529.058677364632
12508.369734134447
12468.571408207228
12377.730923201454
12231.80067187293
11994.24668677632
11713.414018152773
11409.47396883747
11146.802743368737
10901.818103386198
10691.484060472283
10510.63922866599
10380.919484256989
18128.28790202237
18359.835817907788
18316.540621617027
16364.798787875478
16911.00491733624
15874.82625240392
16914.06704000483
15796.543179170762
16612.435641484586
15286.032571110929
15787.630964187956
14833.665151155166
15809.48368816863
14566.229610579967
14359.26307741567
14260.579322315367
17959.729572970973
18387.334849278046
18651.03414539841
16108.90780314562
17109.142136629467
15633.678956781165
17213.10635184859
15546.716657371013
16907.102760962378
15056.063719599346
15967.335091288242
14605.016711070091
16066.588899298336
14363.043154116325
14272.500431668712
14189.4155847634
17513.34343428368
18227.68523763673
19127.779913411578
15691.37651546583
17445.902576004613
15248.790301197187
17717.11665862316
15110.638898762625
17387.548683335306
14658.426325803954
16267.668292132217
14235.503925622063
16476.184500248688
14056.908196010438
14212.812147413464
14103.012884398315
15494.079781304546
15530.79189267381
15257.754446835661
16497.994002273932
14910.92971102
15911.487163930246
14713.163682037686
16061.008951750035
14330.388834111007
15539.405892566287
13799.37137910033
14877.456369437783
13671.30652828325
15454.45621830968
14700.478523466401
13810.002482603086
16478.794037970558
16477.944446468748
16221.920676994952
14897.832350095687
15048.666426169482
15301.321662973201
15902.866318405797
14421.544804209641
15110.795571980843
14017.618696194117
15031.146850625251
13732.852113514773
14639.292081041596
13305.378731634326
13910.017558594507
12918.33192682736
13827.271402615754
12693.586390004335
12753.04647971296
12105.49999850594
11913.259043574462
11126.773304369179
10916.41580519112
10827.027861773551
16482.068924763436
16632.281702115113
16643.55175268492
14699.195770329796
14837.502050524787
13932.51662771076
13874.384897353622
14538.17301973428
13553.584910675072
14018.192840169853
13163.847436911456
13774.70554209519
12715.577138607272
13334.767041619096
12302.257385557266
12866.570817263708
12061.805598171912
12906.52067928801
12343.396226389896
11335.734872205776
11959.22444856086
10900.251214084772
10800.2500501355
10741.176864095121
16234.04419539068
16645.212997348262
17256.321322317803
14380.060874359917
15249.804036395053
13613.905583342235
14140.611075725374
13207.616671419371
13531.064296100772
12716.051738785183
12973.385164552657
12203.19620232297
12492.014750692773
11778.44764658898
12147.41783078734
11460.143048724314
11920.068933450792
11171.288371243938
11921.270254560292
10768.924009293067
12315.290176488057
10581.758840801433
10699.681702313035
10643.844702876228
14947.502698915667
14716.681634246432
14395.90707138068
15120.945464154538
13678.138281031745
14004.235256491682
12984.534949796353
13223.4422194287
12444.463346843384
12628.010341048031
11900.79502868047
12067.707418416607
11396.88129336208
11607.01833065702
10977.189011309914
11256.342973134715
10603.050880500681
11002.787824217965
10294.066666987439
11020.460220353722
10178.704380234743
11655.753265572112
11085.558672596628
10516.648303247784
17531.17034626873
17403.07115701225
17066.83052678367
15519.473700362276
15099.053941950297
14845.712903878442
15193.94037255667
13701.181546451298
13972.765536011226
12902.102919854096
13048.341347717664
12252.196983877784
12379.184212776288
11672.931594202164
11768.21330921363
11105.585733170255
11216.82755617964
10585.282103586345
10747.371536756586
10117.840756261789
10342.036293498486
9703.49522846312
10124.720031553668
9447.5932487593
10230.699111381797
9409.123712002753
9561.272092009272
9432.949742595769
9958.719230317967
9767.736709400853
9735.911292923669
9738.178552456666
17705.008945104684
17721.645498701182
17596.74104007063
15535.498791770679
15287.25910473224
14050.96388208794
13694.957199615117
14003.83696002384
12927.127414314467
13024.243559747305
12153.53379454434
12224.767867592678
11496.209224732782
11557.951884871713
10871.074814641743
10925.220383845593
10266.848534542898
10339.544523926605
9702.166393037967
9818.62205692561
9180.723215091024
9390.645719008766
8780.556827255863
9246.495492874536
8703.000001579781
9628.361076363837
9405.656190923628
9126.143745350975
10259.443813518974
9701.609172701705
9704.374697908775
9741.020960802363
17678.036627265516
17923.440448167188
18273.453835608103
15323.457815525004
15764.882507801874
14018.841582025529
14142.092957892371
13059.673288151835
13056.791292842652
12174.667093909678
12174.187080792433
11398.087103067475
11408.676148309924
10685.103442425578
10718.528280842
10001.627777632557
10024.103061872709
9332.207238128656
9375.865937190769
8708.027260842848
8802.822201736932
8187.568663787719
8418.812679186673
7945.610353591838
8505.532091652003
8195.963297073225
9230.152722948218
8794.671749583826
10706.504422997044
9512.586951406543
9701.994239631438
9821.046011864479
16217.274083664564
16023.856726161977
15709.184372264368
16234.959832540915
14585.945837634607
14527.056905671128
13337.754480092452
13236.71198004251
12317.132173325004
12225.125459236184
11417.774121053022
11339.928665455627
10570.33710279652
10513.774160988594
9770.972873711746
9734.495613703995
8989.354676600211
8969.455932142186
8263.245871616225
8283.080180298943
7638.535542645725
7758.15952753723
7254.324541219778
7619.77431146327
7362.598250005243
8115.868485208339
8036.979203608529
9260.14772628235
9094.000598773442
10987.258878881621
10695.309868931388
10508.075274389257
16559.099668892824
16670.120920928326
16868.64274224393
15080.580564813954
15051.391819901562
13742.127315920632
13545.324901762095
12561.024700134938
12390.090952637924
11559.216863474696
11411.711839750486
10595.288728856718
10448.514012690632
9646.558055956095
9526.179969043536
8732.649296734447
8624.71808178893
7875.958718806704
7815.024680926413
7133.13157619669
7157.779531537562
6610.744671854638
6818.477729596566
6533.334115624767
7093.567738282846
7085.89319115017
8081.738139198315
8180.861056391334
9571.372019355807
9179.781818465124
9439.750919352851
9598.198464959112
15872.284326219256
15695.527324152827
15419.227202413254
15718.041397834535
14267.835653838094
14025.702837114874
12897.274968054367
12658.42679767361
11789.024120328833
11576.740214096028
10760.097080328536
10533.02861669349
9682.168601504452
9461.446538287537
8615.818231356312
8422.288695836423
7591.430597041047
7444.241360058627
6689.958407473067
6633.377657636013
6022.5801907584055
6123.271991360795
5745.543837642511
6145.053125136285
6110.685720989313
6934.331885703729
7171.214082772793
8428.652977273185
8547.252288277923
10154.65301323358
10008.91935124176
9928.046049857912
16490.965358462294
16625.42445686396
16867.527487102674
14976.204374095547
14881.452201293674
13410.846049981177
13023.975888333647
12087.967198334944
11822.926095691928
11010.76395091114
10753.019961993226
9882.073195191886
9575.483007159117
8678.012098482577
8403.092158202666
7475.876324366352
7240.717922181506
6376.512210114661
6205.750140811414
5520.7795451057145
5524.30673004121
5054.740046216996
5286.103741083462
5181.475930587011
5831.727141550238
6074.859074053393
7332.083891578602
7656.454096171418
9257.544954112233
8920.400364241304
9197.52918539004
9362.719743964772
15869.47963712028
15694.341622182792
15404.178993161415
15728.478811452007
14097.949607820972
13743.982534522036
12488.431322267
12171.109845057812
11328.694938434464
11026.90897150537
10198.761303013394
9846.27593350691
8922.448771998099
8541.86671193816
7582.245564702529
7212.438492526304
6249.584296390429
5976.464252538563
5158.027123680364
5051.52794016265
4495.004607491336
4625.067196475384
4387.990171964415
4885.654695387646
5043.893669419603
6011.52116198386
6517.802991021615
8039.678666704223
8266.521522567444
10067.61032045055
9875.031986150441
9768.1755968048
16284.58756608057
16390.30969023312
16579.53675190242
14825.060467487929
14603.555009609172
13130.505905522223
12656.50492584798
11736.036167496635
11394.042933152166
10572.561602360009
10220.829126260587
9304.974390171572
8872.906394163696
7899.337445493312
7454.440555251804
6418.045411237318
6003.9192526100305
5068.561128592428
4798.819976214365
4149.92421121403
4150.722770904469
3828.1444466323474
4186.920841150238
4261.201469599263
5012.79734574791
5442.294868393754
6752.564534182146
7257.807344183935
8803.94386338334
8620.01800295824
8891.483460661802
9057.348690975852
15571.984252315257
15425.326407704057
15182.073658524958
15388.526865004953
13928.030420282872
13495.476414770865
12294.213221704098
11890.151153665412
11028.202846472035
10638.33259699729
9779.474150838207
9328.432981346486
8366.280224394772
7870.2104720340585
6859.6039624085315
6350.895420885804
5342.05215731781
4941.2970074817695
4131.463836416859
3993.198873818412
3563.85053770583
3810.5536082059784
3806.7874530411223
4425.60781643816
4713.548981826486
5689.278688813369
6262.857416267027
7663.972582275213
7991.385069279427
9492.252774100858
9352.312658223105
9282.957738811989
15669.433678854568
15702.625828553626
15775.201028105585
14536.746849196334
14207.295280765567
13035.842403418357
12548.429337904341
11601.239517956059
11166.388571795325
10307.718452081712
9853.75926766034
8933.89973696512
8419.99205259158
7448.230087800341
6902.1305370825885
5919.256249694081
5416.296021382372
4538.706869924212
4234.644611851011
3680.2044650808543
3740.4190404770143
3595.0292340712776
4049.3538827091365
4264.167042924029
5038.375692888342
5490.686279291489
6571.3451429669485
7098.625099061578
8296.058744654974
8299.637506535872
8514.482742757724
8654.840586426577
15161.826467620867
15043.259111443362
14851.708788921102
14917.832051442494
13789.948838053057
13334.135440985505
12290.482825734885
11809.810124577896
10911.393660250058
10443.46697914402
9565.966716501427
9057.425147396161
8137.210705085401
7600.544820152754
6665.8254857995735
6144.431404125165
5267.103941345805
4870.550107626842
4204.224712659373
4098.011577496352
3765.088947742882
4016.6892451307917
4051.214662792999
4639.152283069858
4971.901323702352
5861.561790222758
6365.317531037312
7476.975642158395
7841.108701909278
8929.141660575222
8876.596257183257
8857.567982343338
15351.118057614702
15407.462360216641
15508.71706573239
14408.562547847723
14114.354058234405
13041.38025623771
12544.785482374082
11597.072117752363
11103.177802834762
10234.339312942382
9733.916642755114
8864.621619991973
8347.054262700189
7477.785968566149
6968.516618933387
6139.440136863138
5707.9665496941125
5011.733296738265
4779.727738948309
4334.959341197487
4367.836855205882
4218.4793320860135
4574.2942949984545
4734.661521632627
5410.487469894366
5807.682047352436
6749.674903830768
7214.362479646486
8242.736870253391
8222.493005292094
8402.796133973901
8514.491516697914
14804.289523479865
14704.720623103232
14560.839560764376
14828.200212660578
13663.304087089538
13317.545514352954
12319.069580944391
11842.64885075732
10956.053352724251
10455.474720739046
9619.269738937108
9122.16380966463
8315.717980207772
7829.77372812038
7058.439613703658
6623.566767182997
5944.738475457079
5653.136107568089
5153.907342500283
5060.653706270307
4766.03414108209
4912.749202690077
4874.928876157038
5320.576644466697
5544.584634186223
6253.247515494841
6573.960519492554
7595.085823396994
7793.283794748245
8951.849361473132
8882.631179584545
8841.129161570318
14691.17598765205
14638.823116308055
14586.376183525463
14581.335498022378
13691.587822898155
13101.116257887767
12558.050654024137
11720.76124394585
11253.672154584938
10408.089201893386
9917.942507376658
9159.963605777359
8696.78013064788
7980.601417845869
7545.33856716583
6896.106925137591
6559.936759470145
6060.712871624567
5899.014858628336
5557.618926837287
5559.066058508622
5389.763151175556
5630.078293544579
5681.611724591864
6181.068010976698
6293.6689024146945
6640.7702662587335
7462.6612592920055
7868.143842246186
8704.009099837196
8776.620701957032
8797.036393926272
14636.568948844146
14592.798476934422
14534.414205939664
14290.591131385161
13398.294695076018
12688.259941186683
12288.009634059688
12057.49151920861
11254.920584254654
10793.511528000907
10028.873801600072
9601.649037160967
8921.019728714276
8509.976373945008
7873.428702146431
7518.218709552634
6994.9128971812315
6795.222112970909
6437.739439338035
6383.2714344860815
6142.609242538475
6239.818923453611
6159.566230838252
6489.657432394553
6547.308893416479
6992.314969825581
7038.067531806175
7480.367783895362
7901.985461536473
8524.929031888842
8657.736813880865
8718.55381423737
12982.586343963396
12667.227431407302
12626.503465273994
11993.060346924527
11647.518871312428
10917.077343727784
10517.938328228303
9882.466986286481
9505.190784052013
8899.576378983089
8530.681077922913
7990.891743607663
7738.377808226331
7357.859135709095
7273.526812567899
7019.288718118416
7035.383503474572
6866.302544205806
7016.580820150817
6972.381834669621
7260.088441210922
7144.336068262494
7243.259346893907
7458.525965997061
12533.105744526973
12358.228852134122
12231.290381888633
12272.03653597891
11619.444410177457
11359.78567579937
10805.78603843406
10508.505835017371
9965.449295484079
9629.975802504621
9078.307382238661
8780.040564186576
8352.77440850036
8213.183315500824
7959.150670143588
7944.061494478686
7747.006187463187
7767.503952259762
7515.707247265391
7659.59194587888
7480.419994465147
7754.250810696169
7661.143906734736
7647.751882130781
12403.283497667057
12318.328873023214
12257.366332615788
12219.537262290902
11815.730583926417
11590.023533745074
11366.115540290735
10977.917408850428
10731.987528890819
10276.23394475219
10006.757079541645
9549.979022534866
9338.266295804882
9012.564700754274
8925.921550524246
8723.288867367552
8704.91429583135
8463.885927191404
8217.82729223594
7981.7479159577715
7706.072508724589
7767.498203278764
7719.708882340219
7699.109579836986
12363.64116891887
12318.798810235678
12300.349575993507
12309.153678773027
12104.85145462434
11866.124073116605
11696.628744735453
11651.553540803345
11329.267694015638
11147.452961265357
10819.074320805063
10599.194230381083
10239.938745960035
10054.430761505395
9746.070256229154
9669.375768368562
9467.738708642006
9382.584191724429
9249.207894247
8926.544942247481
8256.518668876788
7921.361340742216
7798.366605781387
7750.793767875753
12283.234218172684
12157.516453097756
12151.048169551474
12037.430291098564
11944.45648587491
11735.238766374827
11612.48661448221
11355.649537665344
11107.898986765551
10808.076186749444
10538.086869596795
10320.993725306362
10159.191864515682
9912.49688968363
9873.916714974834
9756.85062804258
12259.781449328595
12202.342324369121
12177.134676088608
12274.896896315951
12165.80391233626
12114.736363063043
11971.174937768283
11801.896242876706
11528.778671850298
11241.633482106345
10923.15632235928
10700.427975992412
10474.0360962325
10233.367050304287
10176.025278572326
10114.302642033568
12245.558164580416
12218.379357511056
12221.822057130952
12303.008696978788
12252.024585502213
12198.988757180816
12090.40783314912
11915.344308091002
11655.018191429073
11350.8956946711
11034.42613787281
10791.974160221338
10562.40889188991
10307.940214424083
10233.644926031513
10182.253205838275
12244.152133412754
12234.125635995648
12252.14151606932
12326.571294234627
12303.89185778328
12266.838134578238
12171.574358886195
12005.991891863412
11744.589367644496
11438.376545648054
11114.565204147188
10865.347341429017
10621.274576055685
10370.140966436631
10278.048765274785
10225.99219749059
